2015-03-02-16-49-53	-0.029966438	 -9.101764	0.11994758	-0.00062068943	-0.018510426	-0.00070175174	 9.9999972	3.2577421e-05	
2015-03-02-16-50-06	-0.029954517	 -9.101559	0.11994996	-0.00062307362	-0.018589104	-0.00070175174	 9.9999972	3.4961606e-05	
2015-03-02-16-50-18	-0.029948556	-9.1014779	0.11993089	-0.00061711316	-0.018502081	-0.00070055965	 9.9999757	3.8537885e-05	
2015-03-02-16-50-31	-0.029943788	-9.1015447	0.11995354	-0.00061830525	-0.018571223	-0.00070175174	 9.9999924	1.5888122e-05	
2015-03-02-16-50-43	-0.029943788	-9.1014624	0.11995711	-0.00061949734	-0.018556918	-0.00070055965	 9.9999972	2.3040678e-05	
2015-03-02-16-50-56	-0.02994498	-9.1015185	0.11998572	-0.00061830525	-0.018581952	-0.00070294384	 9.9999972	2.4232771e-05	
2015-03-02-16-51-09	-0.029946172	-9.1014767	0.11996665	-0.00061472897	-0.018581952	-0.00070413593	 9.9999972	2.780905e-05	
2015-03-02-16-51-21	-0.029933059	-9.1014612	0.11997976	-0.00061711316	-0.018572415	-0.00070294384	 9.9999972	2.9001142e-05	
2015-03-02-16-51-34	-0.029940212	-9.1013265	0.11993804	-0.00062068943	-0.018593873	-0.00070175174	 9.9999972	3.9729978e-05	
2015-03-02-16-51-46	-0.02996763	-9.1014326	0.11994996	-0.00062188153	-0.018595065	-0.00070175174	 9.9999972	1.7080214e-05	
2015-03-02-16-51-59	-0.02993902	-9.1013933	0.11995711	-0.00061711316	-0.018622483	-0.00070175174	 9.9999972	2.1848586e-05	
2015-03-02-16-52-12	-0.029948556	-9.1014207	0.11995592	-0.00061949734	-0.018672551	-0.00070652012	 9.9999972	2.0656493e-05	
2015-03-02-16-52-24	-0.02994498	-9.1014267	0.11995234	-0.00061830525	-0.01866659	-0.00070413593	 9.9999877	2.4232771e-05	
2015-03-02-16-52-37	-0.02993902	 -9.101342	0.11997142	-0.00061711316	-0.018732155	-0.00070413593	 9.9999972	2.6616957e-05	
2015-03-02-16-52-49	-0.029940212	-9.1014064	0.11998215	-0.00061830525	-0.018678511	-0.00070055965	 9.9999972	2.9001142e-05	
2015-03-02-16-53-02	-0.029947364	-9.1013778	0.11995473	-0.00061592106	-0.018658246	-0.00070175174	 9.9999972	4.2114163e-05	
2015-03-02-16-53-15	-0.029946172	-9.1013277	0.12000241	-0.00061592106	-0.018692816	-0.00070055965	 9.9999972	1.8272307e-05	
2015-03-02-16-53-27	-0.029810274	-9.1013504	0.12000599	-0.00061830525	-0.018766726	-0.00069936756	 9.9999972	1.94644e-05	
2015-03-02-16-53-40	-0.029953325	-9.1013075	0.11999407	-0.00061592106	-0.018726195	-0.00070413593	 9.9999972	2.3040678e-05	
2015-03-02-16-53-52	-0.029942596	-9.1012693	0.11997261	-0.00061711316	-0.018703545	-0.00069936756	 9.9999972	2.6616957e-05	
2015-03-02-16-54-05	-0.029946172	 -9.101311	0.12000122	-0.00062068943	-0.018723811	-0.00070175174	 9.9999972	2.780905e-05	
2015-03-02-16-54-18	-0.029946172	-9.1012645	 0.1199893	-0.00061592106	-0.018744076	-0.00070294384	 9.9999972	3.2577421e-05	
2015-03-02-16-54-30	-0.029959285	-9.1012264	0.11996307	-0.00061472897	-0.018745268	-0.00069936756	 9.9999972	1.5888122e-05	
2015-03-02-16-54-43	-0.029947364	-9.1013146	0.11999168	-0.00061711316	-0.018754805	-0.00070055965	 9.9999972	1.4696029e-05	
2015-03-02-16-54-55	-0.029947364	-9.1012884	0.11996903	-0.00061830525	-0.01874646	-0.00069817547	 9.9999972	1.7080214e-05	
2015-03-02-16-55-08	-0.029822195	-9.1012324	0.11996784	-0.00061472897	-0.01876911	-0.00070055965	 9.9999972	2.9001142e-05	
2015-03-02-16-55-21	-0.030060613	-9.1011489	0.12001553	-0.00062068943	-0.018794144	-0.00070294384	 9.9999972	2.780905e-05	
2015-03-02-16-55-33	-0.029779279	-9.1013063	0.11998811	-0.00061830525	-0.018804873	-0.00069936756	 9.9999972	3.2577421e-05	
2015-03-02-16-56-21	-0.030086839	-9.1010476	 0.1199595	-0.00063022618	-0.018853749	-0.00071128849	 9.9998398	1.2311843e-05	
2015-03-02-16-56-33	-0.029974783	-9.1010369	0.11995831	-0.00063141827	-0.018834675	-0.00071367267	 9.9998279	1.4696029e-05	
2015-03-02-16-56-46	-0.029798353	-9.1010261	0.11997738	-0.0006266499	-0.018825139	-0.00071963314	 9.9998244	1.8272307e-05	
2015-03-02-16-56-58	-0.029742324	-9.1010905	0.11999288	-0.0006266499	-0.01883706	-0.00071009639	 9.9997969	1.583008e-06	
2015-03-02-16-57-11	-0.029724443	-9.1011203	0.11999884	-0.00063141827	-0.018828715	-0.00071128849	 9.9998053	5.1592864e-06	
2015-03-02-16-57-24	-0.030048692	-9.1010953	0.12005248	-0.0006266499	-0.018928851	-0.00071367267	 9.9997838	3.9671936e-06	
2015-03-02-16-57-36	-0.02981981	-9.1012359	0.11997142	-0.00063022618	-0.018881167	-0.00071367267	 9.9998196	9.9276576e-06	
2015-03-02-16-57-49	-0.029611194	-9.1011716	 0.1199595	-0.00062903408	-0.018902625	-0.00071128849	  9.999785	1.2311843e-05	
2015-03-02-16-58-01	-0.030099952	-9.1011203	 0.1199142	-0.00063141827	-0.018909777	-0.00071367267	 9.9998196	1.7080214e-05	
2015-03-02-16-58-14	-0.030040348	-9.1011084	0.11989155	-0.00062426571	-0.018914546	-0.00071486476	 9.9997945	2.6616957e-05	
2015-03-02-16-58-27	-0.029851997	-9.1011704	0.11998453	-0.0006266499	-0.018950308	-0.00071367267	 9.9997969	3.909152e-07	
2015-03-02-16-58-39	-0.029896104	-9.1012049	0.11992969	-0.0006254578	-0.018950308	-0.00071724895	 9.9997981	7.543472e-06	
2015-03-02-16-58-52	-0.030135715	  -9.10123	0.11986651	-0.0006254578	-0.018938387	-0.00071248058	 9.9997826	7.543472e-06	
2015-03-02-16-59-05	-0.030074918	-9.1011883	0.11983194	-0.00062784199	-0.018959845	-0.00071844104	 9.9997993	8.7355648e-06	
2015-03-02-16-59-17	-0.030008161	-9.1013146	0.11986651	-0.00062784199	-0.018947924	-0.00071605686	 9.9998041	1.3503936e-05	
2015-03-02-16-59-30	-0.030057037	-9.1013313	 0.1198379	-0.00062784199	-0.018972958	-0.00071605686	 9.9997969	2.5424864e-05	
2015-03-02-16-59-42	-0.030123794	-9.1013277	0.11983194	-0.00062784199	-0.018987263	-0.00071248058	 9.9998077	-8.011776e-07	
2015-03-02-16-59-55	-0.030051076	-9.1014183	0.11991897	-0.00063141827	-0.018972958	-0.00072082523	 9.9997302	5.1592864e-06	
2015-03-02-17-00-08	-0.030057037	 -9.101348	0.11989155	-0.00063141827	-0.018941964	-0.00071367267	 9.9997493	3.9671936e-06	
2015-03-02-17-00-20	-0.030123794	-9.1014207	0.11989274	-0.00063022618	-0.018971766	-0.00071367267	 9.9997707	1.2311843e-05	
2015-03-02-17-00-33	-0.030126178	-9.1013945	0.11989155	-0.00063022618	-0.018926466	-0.00071724895	 9.9997361	1.2311843e-05	
2015-03-02-17-00-45	-0.03012737	-9.1014863	0.11987963	-0.00063141827	-0.018931235	-0.00071724895	   9.99976	1.94644e-05	
2015-03-02-17-00-58	-0.030083263	 -9.101435	 0.1197926	-0.00063141827	-0.018930043	-0.00071486476	 9.9997695	1.583008e-06	
2015-03-02-17-01-11	-0.030164325	-9.1014839	0.11983314	-0.00063261036	-0.018921698	-0.00071486476	 9.9997719	3.909152e-07	
2015-03-02-17-01-23	-0.030161941	-9.1015197	0.11981883	-0.00063261036	-0.01894554	-0.00071486476	 9.9997588	7.543472e-06	
2015-03-02-17-01-36	-0.030077303	-9.1015638	0.11987128	-0.00062903408	-0.018962229	-0.00071724895	 9.9997421	1.583008e-06	
2015-03-02-17-01-48	-0.03009876	-9.1015924	0.11993804	-0.00063261036	-0.0189968	-0.00071724895	 9.9997254	1.2311843e-05	
2015-03-02-17-02-01	-0.029879415	-9.1016079	0.11985698	-0.00063499455	-0.018965806	-0.00071367267	 9.9997552	1.7080214e-05	
2015-03-02-17-02-14	-0.030089223	 -9.101621	0.11986055	-0.00063261036	-0.018984879	-0.00071963314	 9.9997981	2.3040678e-05	
2015-03-02-17-02-26	-0.030079687	-9.1016448	 0.1198832	-0.00062903408	-0.01902541	-0.00071844104	 9.9997683	3.909152e-07	
2015-03-02-17-02-39	-0.030004585	-9.1015948	0.11987605	-0.00062903408	-0.019021834	-0.00071128849	 9.9997743	3.9671936e-06	
2015-03-02-17-02-51	-0.029891336	-9.1017366	0.11991777	-0.00063380245	-0.019003953	-0.00071486476	 9.9997445	2.7751008e-06	
2015-03-02-17-03-04	-0.030088031	-9.1016353	0.11988201	-0.00063737873	-0.019033755	-0.00071963314	 9.9997647	5.1592864e-06	
2015-03-02-17-03-17	-0.030088031	-9.1016615	0.11988201	-0.00063618664	-0.019012297	-0.00072201732	  9.999785	1.111975e-05	
2015-03-02-17-03-29	-0.030078495	-9.1016567	0.11984029	-0.00062903408	-0.019014681	-0.00071486476	 9.9997516	1.8272307e-05	
2015-03-02-17-03-42	-0.030021274	-9.1017557	 0.1198832	-0.00062426571	-0.019071902	-0.00071248058	  9.999754	-1.9932704e-06	
2015-03-02-17-03-54	-0.029348934	-9.1018332	 0.1200644	-0.00062903408	-0.01904806	-0.00071963314	 9.9997886	-8.011776e-07	
2015-03-02-17-04-07	-0.029360855	-9.1018391	0.12009301	-0.00062903408	-0.019057597	-0.00071605686	 9.9997779	2.7751008e-06	
2015-03-02-17-04-20	-0.029309595	-9.1018916	0.12009659	-0.00062903408	-0.019052828	-0.00071367267	 9.9998303	3.9671936e-06	
2015-03-02-17-04-32	-0.029804313	-9.1018213	0.11997857	-0.00063380245	-0.019059981	-0.00071367267	 9.9997707	7.543472e-06	
2015-03-02-17-04-45	-0.029676759	-9.1017605	0.11999049	-0.00062903408	-0.019065941	-0.00071724895	 9.9997564	1.4696029e-05	
2015-03-02-17-04-57	-0.029431188	 -9.101832	 0.1200501	-0.0006266499	-0.019057597	-0.00071128849	 9.9997707	2.3040678e-05	
2015-03-02-17-05-10	-0.029570663	-9.1017652	0.12005725	-0.00062784199	-0.019014681	-0.00071963314	 9.9997481	2.7751008e-06	
2015-03-02-17-05-23	-0.029478872	-9.1017545	0.12004056	-0.00062903408	-0.019074286	-0.00071724895	 9.9997373	7.543472e-06	
2015-03-02-17-05-35	-0.029759014	-9.1016687	0.11999168	-0.00062784199	-0.01907071	-0.00071486476	 9.9997624	2.7751008e-06	
2015-03-02-17-05-48	-0.029624307	-9.1016472	 0.1200048	-0.00062784199	-0.019065941	-0.00071248058	 9.9998005	7.543472e-06	
2015-03-02-17-06-00	-0.029615963	-9.1016532	0.12004056	-0.00063141827	-0.019071902	-0.00071724895	 9.9997278	1.111975e-05	
2015-03-02-17-06-13	-0.029394233	-9.1016329	0.12017884	-0.00063141827	-0.019086207	-0.00071486476	 9.9997421	1.94644e-05	
2015-03-02-17-06-26	-0.029368007	-9.1017259	0.12008347	-0.00063261036	-0.019139851	-0.00071724895	 9.9997814	-3.1853632e-06	
2015-03-02-17-07-42	-0.029235685	-9.1018344	0.12018957	-0.00057896619	-0.019126738	-0.00067790989	 9.9999829	4.926672e-05	
2015-03-02-17-07-54	-0.02952894	-9.1016794	0.12009182	-0.00058015828	-0.019116009	-0.0006755257	 9.9999567	5.6419277e-05	
2015-03-02-17-08-07	-0.029296482	-9.1016258	0.12019076	-0.00058611874	-0.01912197	-0.00067075733	 9.9999126	5.8803462e-05	
2015-03-02-17-08-19	-0.029277408	-9.1016818	0.12013831	-0.00058135037	-0.01912197	-0.00067433361	 9.9999281	4.092207e-05	
2015-03-02-17-08-32	-0.029757822	-9.1015244	0.12003341	-0.00058492665	-0.019119586	-0.0006767178	 9.9999591	3.9729978e-05	
2015-03-02-17-08-45	-0.029793584	-9.1015626	0.11998095	-0.00058611874	-0.019131506	-0.00067314152	 9.9999269	4.6882534e-05	
2015-03-02-17-08-57	-0.030023658	-9.1014159	 0.1200191	-0.00058850293	-0.019108857	-0.00067433361	  9.999934	4.926672e-05	
2015-03-02-17-09-10	-0.02973398	 -9.101497	0.12005367	-0.00058373456	-0.019133891	-0.00067075733	 9.9999531	5.6419277e-05	
2015-03-02-17-09-23	-0.029335821	 -9.101491	 0.1200191	-0.00058492665	-0.019086207	-0.00067790989	 9.9999531	5.6419277e-05	
2015-03-02-17-09-35	-0.02914151	-9.1016448	0.12014904	-0.00058731084	-0.019131506	-0.0006767178	 9.9999603	6.9532298e-05	
2015-03-02-17-09-48	-0.029210651	-9.1015352	0.12019672	-0.00058969502	-0.019154156	-0.0006767178	 9.9999662	4.3306256e-05	
2015-03-02-17-10-00	-0.029091442	-9.1016627	0.12025156	-0.00059207921	-0.019144619	-0.0006767178	 9.9999591	4.6882534e-05	
2015-03-02-17-10-13	-0.029220188	-9.1015542	0.12020745	-0.00059446339	-0.019118393	-0.00067433361	 9.9999507	5.0458813e-05	
2015-03-02-17-10-26	-0.029294098	 -9.101491	0.12020626	-0.00058969502	-0.019157732	-0.0006767178	   9.99994	5.5227184e-05	
2015-03-02-17-10-38	-0.029650533	-9.1014302	0.11993208	-0.0005932713	-0.019162501	-0.0006767178	 9.9999614	5.9995555e-05	
2015-03-02-17-10-51	-0.029993856	-9.1012634	0.11992016	-0.0005932713	-0.019136275	-0.00067790989	 9.9999555	6.2379741e-05	
2015-03-02-17-11-03	-0.029706562	-9.1013027	0.12000241	-0.00059446339	-0.019176806	-0.00067314152	 9.9999865	4.092207e-05	
2015-03-02-17-11-16	-0.029643381	-9.1013957	0.12004414	-0.00058850293	-0.019206608	-0.00067075733	 9.9999269	4.3306256e-05	
2015-03-02-17-11-29	-0.029799545	 -9.101317	0.12003102	-0.00058850293	-0.019154156	-0.00067075733	  9.999965	4.8074627e-05	
2015-03-02-17-11-41	-0.029289329	-9.1014851	0.12019553	-0.00058611874	-0.019175614	-0.00067433361	 9.9999471	5.0458813e-05	
2015-03-02-17-11-54	-0.029019916	-9.1014469	0.12017407	-0.0005932713	-0.019166077	-0.00067314152	 9.9999591	5.2842998e-05	
2015-03-02-17-12-06	-0.029720867	-9.1012431	0.12003818	-0.00059207921	-0.019176806	-0.00068029407	 9.9999388	5.8803462e-05	
2015-03-02-17-12-19	-0.029869878	-9.1012228	0.12001076	-0.00058731084	-0.019192303	-0.0006755257	  9.999934	6.9532298e-05	
2015-03-02-17-12-32	-0.029474104	-9.1013265	0.12010374	-0.00058850293	-0.019176806	-0.0006767178	 9.9999853	4.4498349e-05	
2015-03-02-17-12-44	-0.029470527	-9.1013575	0.12019196	-0.00058850293	-0.019170845	-0.0006755257	 9.9999543	4.4498349e-05	
2015-03-02-17-12-57	-0.029490793	-9.1013528	0.12013235	-0.00059088711	-0.01917323	-0.0006755257	  9.999965	4.5690442e-05	
2015-03-02-17-13-09	-0.02937516	-9.1014183	0.12018719	-0.00058969502	-0.01917919	-0.00067314152	 9.9999471	4.6882534e-05	
2015-03-02-17-13-22	-0.029345358	-9.1014434	0.12018719	-0.00059088711	-0.019205416	-0.00067433361	 9.9999412	5.4035091e-05	
2015-03-02-17-13-35	-0.029266679	-9.1014982	 0.1202158	-0.00058969502	-0.019214953	-0.0006755257	 9.9999328	5.761137e-05	
2015-03-02-17-13-47	-0.029341781	-9.1013373	0.12012758	-0.00058373456	-0.019203032	-0.0006755257	 9.9999626	4.2114163e-05	
2015-03-02-17-14-00	-0.029239261	-9.1014481	0.12021103	-0.00059207921	-0.019185151	-0.00067790989	 9.9999972	4.092207e-05	
2015-03-02-17-14-12	-0.029072368	-9.1015781	0.12024918	-0.00059446339	-0.019192303	-0.0006767178	 9.9999853	4.5690442e-05	
2015-03-02-17-14-25	-0.028705204	-9.1016055	0.12037792	-0.00058850293	-0.019110049	-0.00067910198	 9.9999626	4.926672e-05	
2015-03-02-17-14-38	-0.029056871	-9.1015697	0.12007275	-0.00059207921	-0.019172038	-0.0006755257	 9.9999495	5.1650906e-05	
2015-03-02-17-14-50	-0.02966007	-9.1014565	0.12003698	-0.0005932713	-0.019197072	-0.00067910198	 9.9999471	5.6419277e-05	
2015-03-02-17-15-03	-0.029134357	-9.1015578	0.12024441	-0.00059565548	-0.019225682	-0.00067314152	 9.9999221	6.3571834e-05	
2015-03-02-17-15-15	-0.029351318	-9.1015423	0.12015858	-0.0005932713	-0.019226874	-0.00067433361	 9.9999245	4.2114163e-05	
2015-03-02-17-15-28	-0.029211843	-9.1015173	 0.1202003	-0.00058731084	-0.019243563	-0.00066956524	 9.9999448	4.5690442e-05	
2015-03-02-17-15-41	-0.029514635	-9.1015745	0.12002625	-0.00059207921	-0.019189919	-0.00067314152	 9.9999459	4.6882534e-05	
2015-03-02-17-15-53	-0.029351318	-9.1017104	0.12011924	-0.00058611874	-0.019223298	-0.0006755257	 9.9999591	4.926672e-05	
2015-03-02-17-16-06	-0.02945503	-9.1016043	0.12018242	-0.00059207921	-0.019197072	-0.0006767178	 9.9999483	5.5227184e-05	
2015-03-02-17-16-18	-0.029296482	-9.1016353	0.12018123	-0.00059088711	-0.019250716	-0.00066956524	 9.9999316	6.1187648e-05	
2015-03-02-17-16-31	-0.029190385	 -9.101683	 0.1201848	-0.00059088711	-0.019228066	-0.00067194942	 9.9999531	4.4498349e-05	
2015-03-02-17-16-44	-0.029241645	-9.1016436	 0.1201705	-0.00058850293	-0.019212569	-0.00067433361	 9.9999352	4.3306256e-05	
2015-03-02-17-16-56	-0.028838718	-9.1016865	0.12017646	-0.00059207921	-0.019191111	-0.00067790989	  9.999934	4.5690442e-05	
2015-03-02-17-17-09	-0.029302442	-9.1017724	0.12019076	-0.00058850293	-0.019216145	-0.00067314152	 9.9999459	5.1650906e-05	
2015-03-02-17-17-21	-0.029429996	-9.1018093	0.12011924	-0.00058731084	-0.019177998	-0.00067433361	 9.9999901	4.926672e-05	
2015-03-02-17-17-34	-0.029480064	-9.1017462	0.12001076	-0.00058731084	-0.019249524	-0.00067314152	 9.9999972	5.8803462e-05	
2015-03-02-17-17-47	-0.029513443	-9.1018797	0.12002268	-0.00058850293	-0.019280518	-0.00067314152	 9.9999483	6.7148112e-05	
2015-03-02-17-17-59	-0.028715933	-9.1019321	0.11998334	-0.00058969502	-0.01923045	-0.00067433361	 9.9999865	4.2114163e-05	
2015-03-02-17-18-12	-0.029834116	-9.1018379	 0.1199738	-0.00059207921	-0.019260252	-0.00067075733	 9.9999185	4.2114163e-05	
2015-03-02-17-18-25	-0.029127205	-9.1019953	0.12021699	-0.00058731084	-0.019244755	-0.00067910198	 9.9999698	4.6882534e-05	
2015-03-02-17-18-37	-0.02917608	-9.1020144	0.12019792	-0.00058850293	-0.019256676	-0.00067790989	 9.9999948	5.0458813e-05	
2015-03-02-17-18-50	-0.028842294	-9.1021133	0.12024918	-0.00059088711	-0.019211377	-0.00067910198	 9.9999972	5.2842998e-05	
2015-03-02-17-19-02	-0.029018724	-9.1021014	0.12022653	-0.00058611874	-0.019218529	-0.00067433361	 9.9999686	6.1187648e-05	
2015-03-02-17-19-15	-0.029116476	-9.1020072	0.12010374	-0.00058850293	-0.019223298	-0.00067314152	 9.9999936	3.9729978e-05	
2015-03-02-17-19-28	-0.028907859	-9.1021956	 0.1202754	-0.00058850293	-0.019249524	-0.00067433361	 9.9999805	4.2114163e-05	
2015-03-02-17-19-40	-0.029406154	-9.1022003	0.12027063	-0.00058969502	-0.019272173	-0.0006755257	 9.9999972	4.4498349e-05	
2015-03-02-17-19-53	-0.028851831	 -9.102229	0.12027779	-0.00058969502	-0.019236411	-0.0006755257	 9.9999924	4.2114163e-05	
2015-03-02-17-20-05	-0.029413307	-9.1021157	0.12012281	-0.00059088711	-0.019245947	-0.00067790989	 9.9999722	5.6419277e-05	
2015-03-02-17-20-18	-0.029030645	-9.1021479	0.12015738	-0.00058969502	-0.019244755	-0.00067075733	 9.9999626	5.5227184e-05	
2015-03-02-17-20-31	-0.029092634	-9.1021622	0.12022653	-0.00059207921	-0.019251908	-0.00067314152	 9.9999805	6.2379741e-05	
2015-03-02-17-20-43	-0.029092634	-9.1022969	0.12034693	-0.00058611874	-0.019307936	-0.00067314152	 9.9999686	4.092207e-05	
2015-03-02-17-20-56	-0.028720701	-9.1023064	0.12023368	-0.00058850293	-0.019300784	-0.00067075733	 9.9999793	4.5690442e-05	
2015-03-02-17-21-08	-0.028736198	-9.1022814	0.12033858	-0.00058969502	-0.019248332	-0.00067075733	 9.9999698	4.6882534e-05	
2015-03-02-17-21-21	-0.028711164	-9.1023196	 0.1203505	-0.00058731084	-0.019260252	-0.00067314152	 9.9999459	4.6882534e-05	
2015-03-02-17-21-34	-0.029366815	  -9.10213	0.12011089	-0.00058611874	-0.019276942	-0.0006767178	 9.9999126	5.0458813e-05	
2015-03-02-17-21-46	-0.028684938	-9.1021729	  0.120397	-0.00058492665	-0.019278134	-0.00067075733	 9.9999054	5.9995555e-05	
2015-03-02-17-21-59	-0.028644407	-9.1021872	0.12037435	-0.00058611874	-0.019284094	-0.0006755257	 9.9999614	4.2114163e-05	
2015-03-02-17-22-11	-0.028848255	-9.1023482	0.12036839	-0.00058969502	-0.01930436	-0.0006755257	  9.999971	4.4498349e-05	
2015-03-02-17-22-24	 -0.028555	-9.1022731	0.12042441	-0.00058731084	-0.019300784	-0.00068029407	  9.999965	4.4498349e-05	
2015-03-02-17-22-37	-0.028889978	-9.1022099	0.12028375	-0.00058492665	-0.019305552	-0.00067433361	 9.9999662	4.926672e-05	
2015-03-02-17-22-49	-0.028906667	-9.1021574	0.12032428	-0.00058969502	-0.019300784	-0.00067433361	 9.9999769	5.0458813e-05	
2015-03-02-17-23-02	-0.029092634	-9.1021062	0.12025037	-0.00058969502	-0.01933297	-0.00067075733	 9.9999483	5.8803462e-05	
2015-03-02-17-23-14	-0.029817426	-9.1019202	0.11999049	-0.00058969502	-0.019293631	-0.00067790989	 9.9999233	6.4763926e-05	
2015-03-02-17-23-27	-0.029955709	-9.1019619	0.11996784	-0.00058969502	-0.019315089	-0.00067433361	 9.9999603	4.3306256e-05	
2015-03-02-17-23-40	-0.029774511	-9.1019583	0.12002625	-0.00058969502	-0.019338931	-0.00067314152	 9.9999877	4.5690442e-05	
2015-03-02-17-23-52	-0.029514635	-9.1019321	0.12012877	-0.00059088711	-0.019303168	-0.0006755257	 9.9999316	4.4498349e-05	
2015-03-02-17-24-05	-0.029441917	-9.1019178	0.12012997	-0.00058611874	-0.019328202	-0.00067790989	 9.9999006	5.0458813e-05	
2015-03-02-17-24-17	-0.029440725	-9.1019667	0.12023845	-0.00058969502	-0.019322241	-0.00067910198	 9.9999042	5.5227184e-05	
2015-03-02-17-24-30	-0.028980577	-9.1019035	0.12026348	-0.00058969502	-0.019318665	-0.0006755257	 9.9999614	6.4763926e-05	
2015-03-02-17-24-43	-0.028992498	-9.1019583	0.12027183	-0.00059207921	-0.019299592	-0.00067314152	 9.9999233	4.3306256e-05	
2015-03-02-17-24-55	-0.028745735	-9.1019798	0.12029686	-0.00059088711	-0.019342507	-0.0006755257	 9.9999328	4.2114163e-05	
2015-03-02-17-25-08	-0.029570663	-9.1018224	 0.1201097	-0.00059088711	-0.01932701	-0.00067075733	 9.9999233	4.6882534e-05	
2015-03-02-17-25-20	-0.028425062	-9.1019989	0.12045422	-0.00058731084	-0.019360388	-0.0006755257	 9.9999972	4.926672e-05	
2015-03-02-17-25-33	-0.028155649	-9.1020585	0.12056627	-0.00059207921	-0.019341315	-0.00067910198	 9.9999483	5.1650906e-05	
2015-03-02-17-25-46	-0.027905309	-9.1021288	0.12063661	-0.00059088711	-0.019298399	-0.0006755257	 9.9999757	5.2842998e-05	
2015-03-02-17-25-58	-0.027538145	-9.1021217	0.12061276	-0.00059446339	-0.019313897	-0.00067433361	 9.9999805	6.4763926e-05	
2015-03-02-17-26-11	-0.027738416	-9.1021956	0.12071648	-0.00059207921	-0.019342507	-0.0006755257	 9.9999531	4.4498349e-05	
2015-03-02-17-26-23	-0.027756298	-9.1021658	0.12066164	-0.00059207921	-0.019340123	-0.00067314152	 9.9999603	4.6882534e-05	
2015-03-02-17-26-36	-0.027771795	 -9.102167	0.12064614	-0.00059088711	-0.019360388	-0.00067910198	 9.9999972	4.8074627e-05	
2015-03-02-17-26-49	-0.027534569	-9.1021539	0.12073555	-0.00058850293	-0.019328202	-0.0006767178	 9.9999328	4.926672e-05	
2015-03-02-17-27-01	-0.027483309	-9.1020442	0.12079992	-0.00059446339	-0.019334162	-0.00067433361	 9.9999614	5.5227184e-05	
2015-03-02-17-27-14	-0.028022135	 -9.101981	0.12053528	-0.0005932713	-0.019330586	-0.0006767178	 9.9999114	6.1187648e-05	
2015-03-02-17-27-27	-0.028147304	-9.1019572	 0.1205615	-0.00059446339	-0.019394959	-0.00067433361	 9.9999459	4.3306256e-05	
2015-03-02-17-27-39	-0.027260387	-9.1020787	0.12078204	-0.00059088711	-0.019423569	-0.0006767178	 9.9999567	4.4498349e-05	
2015-03-02-17-27-52	-0.027539337	-9.1020931	0.12076297	-0.00059088711	-0.019367541	-0.00067314152	 9.9999316	4.5690442e-05	
2015-03-02-17-28-04	-0.027563179	-9.1019643	0.12078681	-0.00059207921	-0.019373501	-0.00067075733	 9.9999495	5.0458813e-05	
2015-03-02-17-28-17	-0.027311647	-9.1020752	0.12089767	-0.00059207921	-0.019402111	-0.00067194942	 9.9999138	5.2842998e-05	
2015-03-02-17-28-30	-0.027488077	-9.1019572	0.12073555	-0.00059446339	-0.019347275	-0.00067433361	  9.999934	5.2842998e-05	
2015-03-02-17-28-42	-0.027855242	 -9.101857	0.12068667	-0.00059088711	-0.019396151	-0.00067075733	 9.9999674	6.5956019e-05	
2015-03-02-17-28-55	-0.027813518	-9.1019393	0.12068429	-0.00059088711	-0.019366349	-0.00068148617	 9.9999412	4.2114163e-05	
2015-03-02-17-29-07	-0.0277861	-9.1019059	0.12069979	-0.00058731084	-0.019383038	-0.0006755257	 9.9999471	4.3306256e-05	
2015-03-02-17-29-20	-0.027823055	-9.1018737	0.12069383	-0.00058969502	-0.019368733	-0.00067433361	 9.9999757	4.5690442e-05	
2015-03-02-17-29-33	-0.027753914	-9.1019107	0.12073674	-0.00058969502	-0.019392575	-0.00067433361	  9.999934	4.926672e-05	
2015-03-02-17-29-45	-0.02778014	-9.1020203	0.12072124	-0.00059088711	-0.019385422	-0.00067075733	 9.9999185	5.4035091e-05	
2015-03-02-17-29-58	-0.027825439	-9.1017915	0.12071052	-0.00058969502	-0.019387806	-0.00067433361	 9.9998887	5.9995555e-05	
2015-03-02-17-30-10	-0.027587021	-9.1018809	 0.1207582	-0.00059088711	-0.019430722	-0.00067075733	 9.9999424	4.2114163e-05	
2015-03-02-17-30-23	-0.027782524	-9.1018403	 0.1206676	-0.00058850293	-0.019448603	-0.0006755257	 9.9999591	4.2114163e-05	
2015-03-02-17-30-36	-0.027864778	-9.1017891	0.12062111	-0.00059088711	-0.019419993	-0.0006767178	 9.9999018	4.3306256e-05	
2015-03-02-17-30-48	-0.027750337	-9.1017938	0.12075224	-0.00058611874	-0.01942953	-0.00068267826	 9.9999579	4.5690442e-05	
2015-03-02-17-31-01	-0.027869547	-9.1017116	0.12059846	-0.00059207921	-0.019415225	-0.00067075733	 9.9999257	5.0458813e-05	
2015-03-02-17-31-13	-0.027945841	-9.1016973	0.12068667	-0.00059565548	-0.019422377	-0.00067314152	   9.99994	5.761137e-05	
2015-03-02-17-31-26	-0.027998293	-9.1016746	0.12064018	-0.00058969502	-0.019410456	-0.0006767178	 9.9999102	6.5956019e-05	
2015-03-02-17-31-39	-0.027954185	-9.1017032	0.12072721	-0.00059446339	-0.019437874	-0.00067433361	 9.9999304	3.9729978e-05	
2015-03-02-17-31-51	-0.02798518	-9.1016079	0.12059727	-0.00058850293	-0.019386614	-0.00066837315	 9.9999757	4.092207e-05	
2015-03-02-17-32-04	-0.02793392	-9.1016556	  0.120608	-0.00059446339	-0.019402111	-0.00067433361	 9.9999388	4.6882534e-05	
2015-03-02-17-32-16	-0.028023327	-9.1017533	0.12066283	-0.00059684758	-0.019396151	-0.00067194942	 9.9999293	4.3306256e-05	
2015-03-02-17-32-29	-0.028053129	-9.1015888	0.12064257	-0.00059565548	-0.019373501	-0.0006755257	 9.9999114	4.3306256e-05	
2015-03-02-17-32-42	-0.028272474	-9.1016126	 0.1206521	-0.00059207921	-0.019402111	-0.00067433361	 9.9999304	4.8074627e-05	
2015-03-02-17-32-54	-0.027975643	 -9.101708	0.12063541	-0.00059207921	-0.019437874	-0.00068029407	 9.9999006	5.2842998e-05	
2015-03-02-17-33-07	-0.028026903	-9.1017569	0.12063899	-0.0005932713	-0.019390191	-0.00067790989	  9.999909	6.4763926e-05	
2015-03-02-17-33-19	-0.027935112	-9.1016818	0.12066402	-0.00059446339	-0.01945814	-0.00067790989	 9.9999018	3.9729978e-05	
2015-03-02-17-33-32	-0.028118694	-9.1016722	0.12062826	-0.00059088711	-0.019427145	-0.0006755257	 9.9998828	4.6882534e-05	
2015-03-02-17-33-45	-0.027988756	-9.1017497	0.12066522	-0.00059446339	-0.019367541	-0.0006755257	 9.9999436	4.8074627e-05	
2015-03-02-17-33-57	-0.028056705	-9.1017354	 0.1206521	-0.0005932713	-0.019414032	-0.00067314152	 9.9999555	4.3306256e-05	
2015-03-02-17-34-10	-0.027883852	-9.1018141	0.12070813	-0.00059923176	-0.019440258	-0.0006767178	 9.9999293	5.0458813e-05	
2015-03-02-17-34-22	-0.029184425	-9.1015912	0.12023845	-0.00059923176	-0.019471253	-0.00067194942	 9.9999316	5.5227184e-05	
2015-03-02-17-34-35	-0.028328502	-9.1017318	0.12049355	-0.00059446339	-0.019411648	-0.00067314152	 9.9998863	3.9729978e-05	
2015-03-02-17-34-48	-0.028652752	-9.1016472	0.12036004	-0.00059207921	-0.019428338	-0.0006767178	   9.99994	3.8537885e-05	
2015-03-02-17-35-00	-0.028618181	-9.1017593	0.12049594	-0.00059446339	-0.019405688	-0.00067314152	 9.9999531	4.2114163e-05	
2015-03-02-17-35-13	-0.028417909	-9.1018141	0.12050548	-0.00058969502	-0.019390191	-0.00067433361	 9.9999746	5.0458813e-05	
2015-03-02-17-35-25	-0.027973259	-9.1018844	0.12065091	-0.00059088711	-0.019409264	-0.00067314152	 9.9999674	4.5690442e-05	
2015-03-02-17-35-38	-0.027935112	-9.1019691	0.12067475	-0.00058850293	-0.019430722	-0.0006755257	 9.9999746	5.1650906e-05	
2015-03-02-17-35-51	-0.027666891	-9.1020382	0.12071528	-0.00059684758	-0.019418801	-0.00067194942	  9.999965	6.4763926e-05	
2015-03-02-17-36-03	-0.027746761	-9.1021002	0.12061276	-0.0005932713	-0.019452179	-0.00067314152	 9.9999614	3.9729978e-05	
2015-03-02-17-36-16	-0.028249824	-9.1019786	0.12054481	-0.00058850293	-0.019468869	-0.00067314152	 9.9999924	4.2114163e-05	
2015-03-02-17-36-28	-0.028316581	-9.1020144	0.12050667	-0.00059088711	-0.019481982	-0.00067910198	   9.99994	4.5690442e-05	
2015-03-02-17-36-41	-0.028191412	-9.1020597	0.12056508	-0.0005932713	-0.01948079	-0.0006755257	 9.9999543	4.6882534e-05	
2015-03-02-17-36-54	-0.02832731	-9.1020084	0.12062349	-0.00059207921	-0.019470061	-0.00066837315	 9.9999352	5.0458813e-05	
2015-03-02-17-37-06	-0.028242672	-9.1020585	0.12063422	-0.00058611874	-0.019439066	-0.0006767178	 9.9999579	5.761137e-05	
2015-03-02-17-37-19	-0.027908886	-9.1021419	0.12067714	-0.00059207921	-0.019493903	-0.00067194942	 9.9999459	4.092207e-05	
2015-03-02-17-37-32	-0.027942264	-9.1021729	0.12062111	-0.00058731084	-0.019462908	-0.0006755257	  9.999934	4.4498349e-05	
2015-03-02-17-37-44	-0.027937496	-9.1022194	 0.1206533	-0.00058969502	-0.019449795	-0.00067075733	 9.9999293	4.6882534e-05	
2015-03-02-17-37-57	-0.027701462	-9.1022135	0.12068548	-0.00059088711	-0.019504631	-0.0006755257	   9.99994	4.5690442e-05	
2015-03-02-17-38-09	-0.027832592	-9.1022647	 0.1206831	-0.00059088711	-0.019418801	-0.00067194942	 9.9999161	4.926672e-05	
2015-03-02-17-38-22	-0.027604902	-9.1023744	0.12080111	-0.00059565548	-0.019468869	-0.00067075733	 9.9998923	5.4035091e-05	
2015-03-02-17-38-35	-0.027461851	-9.1023279	0.12076178	-0.00058850293	-0.019495095	-0.0006755257	 9.9998875	6.2379741e-05	
2015-03-02-17-38-47	-0.027408207	-9.1024745	0.12080588	-0.00059207921	-0.019476021	-0.00067314152	 9.9999579	3.9729978e-05	
2015-03-02-17-39-00	-0.027502382	 -9.102409	 0.1208178	-0.00058969502	-0.019530858	-0.00067790989	 9.9998697	4.092207e-05	
2015-03-02-17-39-12	-0.027387941	-9.1025139	0.12084403	-0.00059446339	-0.019462908	-0.00067433361	 9.9998959	4.6882534e-05	
2015-03-02-17-39-25	-0.027533376	-9.1024328	0.12075343	-0.00059446339	-0.019450987	-0.00067433361	 9.9999054	5.0458813e-05	
2015-03-02-17-39-38	-0.027585829	-9.1024554	0.12073793	-0.0005932713	-0.019455756	-0.0006767178	 9.9999269	4.926672e-05	
2015-03-02-17-39-50	-0.027402246	 -9.102521	0.12074866	-0.00058969502	-0.019504631	-0.00067790989	 9.9999293	5.5227184e-05	
2015-03-02-17-40-03	-0.027916038	-9.1023315	0.12059131	-0.00058850293	-0.019459332	-0.00067314152	 9.9999424	4.2114163e-05	
2015-03-02-17-40-15	-0.028020942	-9.1023112	0.12059011	-0.00059088711	-0.019498671	-0.00067790989	 9.9998613	3.6153699e-05	
2015-03-02-17-40-28	-0.027868355	-9.1024149	0.12066045	-0.00059207921	-0.019471253	-0.00067910198	 9.9998935	4.5690442e-05	
2015-03-02-17-40-41	-0.028031671	-9.1023136	0.12059369	-0.00059446339	-0.019524897	-0.00067910198	 9.9998959	4.4498349e-05	
2015-03-02-17-40-53	-0.028078163	-9.1023482	0.12056746	-0.00059446339	-0.019536818	-0.0006767178	 9.9999161	4.8074627e-05	
2015-03-02-17-41-06	-0.028438175	-9.1022468	0.12044229	-0.0005932713	-0.01948675	-0.00067910198	  9.999884	5.761137e-05	
2015-03-02-17-41-18	-0.028515661	-9.1022528	0.12039103	-0.00059565548	-0.019473637	-0.0006767178	 9.9998756	6.7148112e-05	
2015-03-02-17-41-31	-0.028535927	-9.1022993	 0.1204411	-0.00059684758	-0.019467677	-0.00067910198	 9.9999257	4.4498349e-05	
2015-03-02-17-41-44	-0.028565729	-9.1022564	0.12045779	-0.00059684758	-0.019521321	-0.0006755257	 9.9999245	4.3306256e-05	
2015-03-02-17-41-56	-0.028426254	-9.1022218	0.12044468	-0.00059446339	-0.019508208	-0.00067433361	 9.9999197	4.5690442e-05	
2015-03-02-17-42-09	-0.028564537	-9.1022361	 0.1204268	-0.00059446339	-0.019543971	-0.00067433361	 9.9999185	4.926672e-05	
2015-03-02-17-42-21	-0.028178299	-9.1021753	0.12043514	-0.00059803967	-0.019530858	-0.00068148617	  9.999884	5.2842998e-05	
2015-03-02-17-42-34	-0.028351152	-9.1022135	0.12044229	-0.00059803967	-0.019539202	-0.0006755257	 9.9999197	6.1187648e-05	
2015-03-02-17-42-47	-0.028105581	-9.1021801	0.12051024	-0.00060280804	-0.019543971	-0.00067433361	 9.9999448	4.092207e-05	
