2015-03-02-16-50-04	27  	28	28	25	20
2015-03-02-16-50-17	27  	27	27	26	20
2015-03-02-16-50-30	28  	28	28	26	20
2015-03-02-16-50-42	28  	28	28	25	19
2015-03-02-16-50-55	27  	28	28	25	19
2015-03-02-16-51-07	27  	27	27	25	19
2015-03-02-16-51-20	28  	27	27	25	20
2015-03-02-16-51-33	28  	28	28	26	20
2015-03-02-16-51-45	28  	28	28	26	20
2015-03-02-16-51-58	28  	27	27	25	20
2015-03-02-16-52-10	27  	27	27	25	20
2015-03-02-16-52-23	27  	27	27	25	20
2015-03-02-16-52-36	27  	28	28	26	20
2015-03-02-16-52-48	27  	28	27	26	20
2015-03-02-16-53-01	28  	28	28	25	19
2015-03-02-16-53-13	27  	27	27	24	19
2015-03-02-16-53-26	27  	27	27	25	19
2015-03-02-16-53-39	27  	27	28	25	20
2015-03-02-16-53-51	27  	27	28	25	20
2015-03-02-16-54-04	27  	27	27	25	20
2015-03-02-16-54-16	27  	28	27	24	19
2015-03-02-16-54-29	27  	27	27	25	20
2015-03-02-16-54-42	27  	28	27	25	20
2015-03-02-16-54-54	27  	27	27	25	20
2015-03-02-16-55-07	27  	27	28	25	20
2015-03-02-16-55-19	28  	28	28	25	20
2015-03-02-16-55-32	27  	27	27	25	19
2015-03-02-16-55-45	27  	27	27	25	20
2015-03-02-16-56-32	27  	27	28	26	20
2015-03-02-16-56-45	28  	28	27	25	20
2015-03-02-16-56-57	27  	27	28	25	20
2015-03-02-16-57-10	27  	27	28	25	20
2015-03-02-16-57-22	27  	27	28	26	20
2015-03-02-16-57-35	27  	27	28	25	21
2015-03-02-16-57-48	28  	28	28	25	20
2015-03-02-16-58-00	27  	27	27	25	20
2015-03-02-16-58-13	27  	27	28	25	20
2015-03-02-16-58-25	27  	27	28	26	20
2015-03-02-16-58-38	27  	27	28	26	21
2015-03-02-16-58-51	28  	27	27	26	21
2015-03-02-16-59-03	27  	28	28	25	20
2015-03-02-16-59-16	27  	27	28	26	21
2015-03-02-16-59-29	27  	27	28	25	21
2015-03-02-16-59-41	27  	27	28	26	21
2015-03-02-16-59-54	28  	27	28	26	21
2015-03-02-17-00-06	28  	27	28	25	20
2015-03-02-17-00-19	27  	27	28	26	21
2015-03-02-17-00-32	27  	27	28	26	20
2015-03-02-17-00-44	28  	27	28	26	21
2015-03-02-17-00-57	28  	27	28	26	21
2015-03-02-17-01-09	28  	27	28	27	20
2015-03-02-17-01-22	28  	27	28	25	21
2015-03-02-17-01-35	28  	27	28	26	21
2015-03-02-17-01-47	27  	27	28	26	21
2015-03-02-17-02-00	27  	27	28	26	21
2015-03-02-17-02-12	28  	28	28	26	21
2015-03-02-17-02-25	28  	28	28	26	21
2015-03-02-17-02-38	27  	27	27	25	20
2015-03-02-17-02-50	28  	28	28	26	21
2015-03-02-17-03-03	28  	27	28	26	21
2015-03-02-17-03-15	27  	28	28	26	20
2015-03-02-17-03-28	28  	28	28	26	21
2015-03-02-17-03-41	27  	28	27	25	20
2015-03-02-17-03-53	27  	28	28	25	20
2015-03-02-17-04-06	27  	27	27	26	20
2015-03-02-17-04-18	27  	28	28	26	20
2015-03-02-17-04-31	27  	28	28	26	20
2015-03-02-17-04-44	28  	28	28	25	20
2015-03-02-17-04-56	27  	27	27	25	20
2015-03-02-17-05-09	28  	28	27	26	20
2015-03-02-17-05-21	27  	28	27	26	20
2015-03-02-17-05-34	28  	28	28	26	20
2015-03-02-17-05-47	28  	28	28	25	21
2015-03-02-17-05-59	27  	28	28	25	19
2015-03-02-17-06-12	27  	28	27	25	20
2015-03-02-17-06-24	27  	28	28	25	20
2015-03-02-17-06-37	27  	28	28	25	20
2015-03-02-17-07-53	28  	28	28	25	20
2015-03-02-17-08-06	27  	28	27	26	20
2015-03-02-17-08-18	28  	28	28	25	20
2015-03-02-17-08-31	28  	28	28	26	21
2015-03-02-17-08-44	27  	28	27	25	20
2015-03-02-17-08-56	27  	27	27	25	20
2015-03-02-17-09-09	27  	28	28	25	20
2015-03-02-17-09-21	27  	28	28	26	20
2015-03-02-17-09-34	28  	28	28	25	20
2015-03-02-17-09-47	27  	28	29	25	20
2015-03-02-17-09-59	28  	28	28	25	20
2015-03-02-17-10-12	27  	28	27	25	19
2015-03-02-17-10-24	27  	27	27	25	20
2015-03-02-17-10-37	28  	28	28	26	20
2015-03-02-17-10-50	27  	28	27	26	20
2015-03-02-17-11-02	28  	27	27	25	19
2015-03-02-17-11-15	27  	28	27	25	20
2015-03-02-17-11-27	27  	27	27	25	20
2015-03-02-17-11-40	28  	28	28	25	20
2015-03-02-17-11-53	28  	28	27	25	20
2015-03-02-17-12-05	27  	28	27	25	19
2015-03-02-17-12-18	27  	27	27	25	19
2015-03-02-17-12-30	27  	27	28	25	20
2015-03-02-17-12-43	27  	28	27	26	20
2015-03-02-17-12-56	27  	28	28	26	20
2015-03-02-17-13-08	28  	28	28	26	20
2015-03-02-17-13-21	28  	27	27	25	20
2015-03-02-17-13-33	27  	27	28	25	20
2015-03-02-17-13-46	27  	27	27	26	20
2015-03-02-17-13-59	28  	28	28	25	20
2015-03-02-17-14-11	27  	28	27	26	21
2015-03-02-17-14-24	28  	28	28	26	20
2015-03-02-17-14-36	28  	27	27	25	20
2015-03-02-17-14-49	27  	27	27	25	21
2015-03-02-17-15-02	27  	27	28	26	21
2015-03-02-17-15-14	27  	28	28	26	21
2015-03-02-17-15-27	28  	27	28	25	20
2015-03-02-17-15-39	27  	27	28	26	21
2015-03-02-17-15-52	27  	27	28	26	21
2015-03-02-17-16-05	28  	27	28	26	21
2015-03-02-17-16-17	28  	28	28	26	21
2015-03-02-17-16-30	28  	28	28	26	20
2015-03-02-17-16-42	28  	27	27	25	20
2015-03-02-17-16-55	28  	28	28	26	21
2015-03-02-17-17-08	28  	27	28	26	20
2015-03-02-17-17-20	28  	28	28	26	21
2015-03-02-17-17-33	27  	28	28	26	22
2015-03-02-17-17-46	28  	28	28	26	21
2015-03-02-17-17-58	27  	27	28	26	21
2015-03-02-17-18-11	28  	27	27	26	21
2015-03-02-17-18-23	27  	28	28	26	21
2015-03-02-17-18-36	27  	27	28	26	21
2015-03-02-17-18-49	28  	28	29	26	21
2015-03-02-17-19-01	27  	27	27	25	20
2015-03-02-17-19-14	28  	27	28	26	21
2015-03-02-17-19-26	28  	27	27	26	21
2015-03-02-17-19-39	28  	27	28	26	21
2015-03-02-17-19-52	28  	27	28	26	22
2015-03-02-17-20-04	27  	28	28	25	21
2015-03-02-17-20-17	28  	27	28	26	21
2015-03-02-17-20-29	27  	27	27	25	21
2015-03-02-17-20-42	27  	27	28	26	21
2015-03-02-17-20-55	28  	28	28	26	21
2015-03-02-17-21-07	28  	28	28	26	20
2015-03-02-17-21-20	28  	27	27	25	20
2015-03-02-17-21-32	27  	28	28	25	21
2015-03-02-17-21-45	28  	28	28	26	21
2015-03-02-17-21-58	28  	28	28	26	20
2015-03-02-17-22-10	28  	28	28	26	21
2015-03-02-17-22-23	28  	29	28	25	20
2015-03-02-17-22-35	28  	28	28	26	20
2015-03-02-17-22-48	28  	28	28	25	21
2015-03-02-17-23-01	27  	28	28	26	20
2015-03-02-17-23-13	27  	28	28	26	20
2015-03-02-17-23-26	28  	28	29	25	20
2015-03-02-17-23-38	27  	27	27	25	20
2015-03-02-17-23-51	28  	28	28	26	20
2015-03-02-17-24-04	28  	27	28	26	20
2015-03-02-17-24-16	28  	28	28	26	20
2015-03-02-17-24-29	28  	28	28	26	20
2015-03-02-17-24-41	28  	28	28	25	19
2015-03-02-17-24-54	27  	28	28	26	20
2015-03-02-17-25-07	28  	28	28	25	20
2015-03-02-17-25-19	27  	28	28	25	20
2015-03-02-17-25-32	28  	28	28	26	21
2015-03-02-17-25-44	28  	28	28	25	20
2015-03-02-17-25-57	27  	28	28	26	20
2015-03-02-17-26-10	27  	27	28	25	20
2015-03-02-17-26-22	28  	27	28	26	20
2015-03-02-17-26-35	28  	28	28	26	20
2015-03-02-17-26-48	28  	28	28	26	20
2015-03-02-17-27-00	28  	27	27	26	20
2015-03-02-17-27-13	27  	28	27	25	20
2015-03-02-17-27-25	27  	28	27	26	20
2015-03-02-17-27-38	27  	28	28	26	20
2015-03-02-17-27-51	28  	28	28	25	20
2015-03-02-17-28-03	28  	28	27	25	20
2015-03-02-17-28-16	27  	27	28	25	20
2015-03-02-17-28-28	27  	28	28	25	20
2015-03-02-17-28-41	27  	28	27	25	20
2015-03-02-17-28-54	28  	28	28	25	20
2015-03-02-17-29-06	27  	28	28	25	19
2015-03-02-17-29-19	27  	27	28	25	19
2015-03-02-17-29-31	27  	27	27	25	19
2015-03-02-17-29-44	27  	27	27	25	20
2015-03-02-17-29-57	27  	27	28	25	20
2015-03-02-17-30-09	27  	28	27	26	19
2015-03-02-17-30-22	28  	27	27	25	19
2015-03-02-17-30-34	27  	27	27	25	19
2015-03-02-17-30-47	27  	28	27	25	20
2015-03-02-17-31-00	27  	27	27	25	20
2015-03-02-17-31-12	27  	28	27	25	20
2015-03-02-17-31-25	27  	27	28	25	19
2015-03-02-17-31-37	27  	27	27	24	19
2015-03-02-17-31-50	27  	27	27	25	19
2015-03-02-17-32-03	27  	27	27	25	20
2015-03-02-17-32-15	27  	28	28	25	20
2015-03-02-17-32-28	28  	27	27	26	20
2015-03-02-17-32-40	28  	27	27	25	20
2015-03-02-17-32-53	27  	27	27	25	20
2015-03-02-17-33-06	27  	27	27	25	20
2015-03-02-17-33-18	27  	28	28	26	20
2015-03-02-17-33-31	27  	27	28	25	20
2015-03-02-17-33-43	27  	27	28	25	20
2015-03-02-17-33-56	27  	27	27	25	20
2015-03-02-17-34-09	28  	27	28	25	20
2015-03-02-17-34-21	27  	27	28	26	20
2015-03-02-17-34-34	27  	27	28	26	20
2015-03-02-17-34-46	27  	27	28	26	20
2015-03-02-17-34-59	28  	27	27	25	20
2015-03-02-17-35-12	27  	27	28	25	21
2015-03-02-17-35-24	27  	27	27	25	21
2015-03-02-17-35-37	27  	28	28	26	21
2015-03-02-17-35-49	28  	27	28	26	21
2015-03-02-17-36-02	28  	28	27	26	21
2015-03-02-17-36-15	27  	27	28	25	21
2015-03-02-17-36-27	27  	27	28	25	21
2015-03-02-17-36-40	27  	27	28	26	21
2015-03-02-17-36-52	27  	27	28	26	21
2015-03-02-17-37-05	28  	27	28	25	20
2015-03-02-17-37-18	27  	26	27	25	20
2015-03-02-17-37-30	27  	27	28	26	20
2015-03-02-17-37-43	27  	27	28	26	21
2015-03-02-17-37-56	28  	27	28	26	21
2015-03-02-17-38-08	28  	28	28	26	22
2015-03-02-17-38-21	28  	28	27	25	21
2015-03-02-17-38-33	27  	27	28	25	21
2015-03-02-17-38-46	27  	27	28	26	21
2015-03-02-17-38-59	27  	27	28	26	21
2015-03-02-17-39-11	28  	28	28	26	21
2015-03-02-17-39-24	28  	28	29	26	21
2015-03-02-17-39-36	27  	28	28	26	20
2015-03-02-17-39-49	28  	27	28	26	20
2015-03-02-17-40-02	28  	27	28	26	21
2015-03-02-17-40-14	27  	28	28	26	21
2015-03-02-17-40-27	28  	27	28	26	20
2015-03-02-17-40-39	28  	27	28	25	20
2015-03-02-17-40-52	27  	28	28	25	21
2015-03-02-17-41-05	28  	28	27	26	21
2015-03-02-17-41-17	27  	27	28	26	20
2015-03-02-17-41-30	27  	28	28	26	20
2015-03-02-17-41-42	28  	28	28	25	20
2015-03-02-17-41-55	27  	27	28	26	20
2015-03-02-17-42-08	28  	27	28	25	20
2015-03-02-17-42-20	28  	27	28	26	20
2015-03-02-17-42-33	28  	28	28	26	20
2015-03-02-17-42-45	28  	28	28	26	20
2015-03-02-17-42-58	28  	27	27	25	20
