1.8885e+05 2.9827e+05    -11110    7945.1    8.6639      3232   -4176.8 2.9551e+05 1.9219e+05
   1.9341e+05 2.1912e+05   -9857.3    9452.9    1.0556    6152.4   -5365.3 2.159e+05 1.9747e+05
   1.5172e+05 1.9139e+05     13146    9758.4 -0.017123    7138.4     16987 1.8903e+05 1.5641e+05
   1.018e+05 1.428e+05     19845    8931.2   0.79611    7022.9     22691 1.4179e+05 1.0584e+05
       74795     98305     14338    5882.2    1.0791    4576.6     16329     97699     77947
       54158     69429    9835.7    4144.1   0.88184    3207.9     11110     69147     56508
       39373     49375    7102.2    3029.2   0.80088    2350.9    7917.8     49324     41061
       29133     35594    5117.6    2156.2     0.674    1668.8    5611.4     35603     30465
       21246     25662      3662      1587    0.6419    1224.8    3978.6     25734     22221
       15720     18760    2681.2    1151.3   0.54993    886.73    2869.5     18819     16493
       11653     13769    1946.8    835.45   0.46747    641.64    2049.4     13825     12264
      8578.9     10092    1424.8    619.37   0.43559    473.38    1483.8     10147    9032.8
      6424.4    7455.1      1102    475.27   0.30327    362.27    1124.2    7487.8    6799.4
        4766    5450.7    873.37    378.05   0.19359    288.68    871.61      5477    5056.7
      3499.3    3911.4    583.94    259.78   0.13475    199.59    568.96      3921    3717.9
      2324.5      3851    1048.5    341.84   0.16002    264.59    1039.1    3919.5    2474.3
