-y-z
2016-01-05-16-12-52	0.019524487	-9.0958179	-0.081113179	-0.012816991	0.0057510466	0.0051180453	 9.9999972	0.00010887136	
+z-y
2016-01-05-16-13-53	-9.0668703	-0.043167674	-0.074729523	-0.012770499	0.0056938261	0.005127582	 9.9999972	7.3108576e-05
+y+z	
2016-01-05-16-14-46	0.016754063	 9.0488299	-0.11924704	-0.012803878	0.0056735606	0.0050918193	 9.9998053	4.6882534e-05	
-z+y
2016-01-05-16-15-31	 9.0926322	-0.010096635	-0.12936194	-0.012871827	0.0055817694	0.0050298304	  9.999965	-1.033792e-05	
-z-y
2016-01-05-16-16-30	0.019328984	-9.0938879	-0.011777486	-0.012807454	0.0056306452	0.0051240058	 9.9999972	6.7148112e-05	
+y-z
2016-01-05-16-17-18	 9.0976342	-0.012021865	-0.047469936	-0.012828912	0.005640182	0.0050870509	 9.9999972	4.5690442e-05	
+z+y
2016-01-05-16-17-57	0.0060752958	 9.0474221	-0.063052974	-0.012831296	0.005577001	0.0050942034	 9.9999972	2.3040678e-05	
-y+z
2016-01-05-16-18-37	-9.0706516	-0.049286686	-0.004802551	-0.012749042	0.0056342215	0.0051561923	 9.9999972	9.9334618e-05	
-z+x
2016-01-05-16-20-30	 4.5168066	-4.6637504	-6.2812951	-0.012844409	0.0055722327	0.005088243	 9.9999972	3.3769514e-05	
-y+x
2016-01-05-16-21-24	-4.6262054	-4.5315055	-6.4074042	-0.012783612	0.0055686564	0.0050930114	 9.9999972	5.9995555e-05	
+z+x
2016-01-05-16-22-04	-4.5208733	  4.608146	 -6.441547	-0.012749042	0.0055817694	0.0051132769	 9.9999567	8.2645318e-05	
+y+x
2016-01-05-16-22-41	 4.5758486	 4.5054901	-6.4315119	-0.012766923	0.005537662	0.0050763221	 9.9999972	2.4232771e-05	
+x-y
2016-01-05-16-24-03	-4.4275884	-4.6013073	-6.5177336	-0.012791957	0.005588922	0.0051085086	 9.9998995	7.1916483e-05	
+x+z
2016-01-05-16-24-47	 -4.576451	 4.4665623	 -6.475741	-0.012857522	0.0055066676	0.0050465197	 9.9999972	3.6153699e-05	
+x+y
2016-01-05-16-25-33	 4.4860125	 4.5666874	-6.4726022	-0.012806262	0.0055340857	0.0050953955	 9.9998708	5.4035091e-05	
+x-z
2016-01-05-16-26-12	 4.5534253	-4.4909076	-6.5057841	-0.012863482	0.0055114359	0.00507513	 9.9999972	4.6882534e-05	
