         0              0        -0.007795808902        -1.81701806
         0          -2362        -0.008038811524        -1.819441158
         0          -4724        -0.008524415005        -1.820406865
         0          -7086        -0.009474923767        -1.820486022
         0          -9448        -0.0112031043        -1.81811207
         0         -11810        -0.01375546263        -1.81516318
         0         -14172        -0.01700823269        -1.815095711
         0         -16534        -0.02160413759        -1.826640331
         0         -18896        -0.02598914158        -1.82212863
         0         -21258        -0.03126565149        -1.821100464
         0         -23620        -0.034778891        -1.822488262
         0         -25982        -0.0364374739        -1.825207511
         0         -28344        -0.03562553295        -1.810481084
         0         -30706        -0.03317697489        -1.821704524
         0         -33068        -0.02896297836        -1.817721422
         0         -35430        -0.02415133898        -1.811324108
         0         -37792        -0.01969455264        -1.829397374
     -2362             -5        -0.007893999093        -1.815795249
     -2362          -2367        -0.008255004596        -1.819487138
     -2362          -4729        -0.008972129658        -1.814370086
     -2362          -7091        -0.01040052656        -1.819201649
     -2362          -9453        -0.0129416537        -1.816958853
     -2362         -11815        -0.01691170929        -1.820190069
     -2362         -14177        -0.02196391452        -1.824986631
     -2362         -16539        -0.02886009102        -1.818074392
     -2362         -18901        -0.03555929466        -1.810689742
     -2362         -21263        -0.04363464525        -1.812291129
     -2362         -23625        -0.0491620197        -1.820543957
     -2362         -25987        -0.05171216571        -1.820562859
     -2362         -28349        -0.0506855397        -1.813274573
     -2362         -30711        -0.04697887751        -1.827632746
     -2362         -33073        -0.04042281933        -1.82786167
     -2362         -35435        -0.03295584357        -1.8160708
     -2362         -37797        -0.02590832591        -1.820757402
     -4724             -1        -0.007982423378        -1.815843085
     -4724          -2363        -0.008488258176        -1.815383687
     -4724          -4725        -0.009490336395        -1.814994509
     -4724          -7087        -0.0113807706        -1.823046332
     -4724          -9449        -0.01485986778        -1.812884447
     -4724         -11811        -0.02023155033        -1.819827694
     -4724         -14173        -0.02714366906        -1.816936417
     -4724         -16535        -0.03682201888        -1.817136913
     -4724         -18897        -0.0464490943        -1.820172814
     -4724         -21259        -0.05731787747        -1.810133317
     -4724         -23621        -0.0650597067        -1.815022818
     -4724         -25983        -0.0689078271        -1.821648559
     -4724         -28345        -0.06765411134        -1.818287254
     -4724         -30707        -0.06200273392        -1.816417614
     -4724         -33069        -0.05323662035        -1.828856501
     -4724         -35431        -0.04297098797        -1.8209244
     -4724         -37793        -0.03301128123        -1.821579618
     -7086             -2        -0.008097389729        -1.817829508
     -7086          -2364        -0.008744626826        -1.820499726
     -7086          -4726        -0.01005910083        -1.823502703
     -7086          -7088        -0.01235528925        -1.809105082
     -7086          -9450        -0.01684001081        -1.820571136
     -7086         -11812        -0.02365531948        -1.825174795
     -7086         -14174        -0.03251885679        -1.826688456
     -7086         -16536        -0.04496635956        -1.8247844
     -7086         -18898        -0.057355812        -1.831317152
     -7086         -21260        -0.07111674788        -1.815909487
     -7086         -23622        -0.08064577141        -1.811454714
     -7086         -25984        -0.08547426076        -1.816641945
     -7086         -28346        -0.08418537893        -1.820701197
     -7086         -30708        -0.0768591621        -1.816131264
     -7086         -33070        -0.06524981228        -1.81959883
     -7086         -35432        -0.05233660592        -1.811643737
     -7086         -37794        -0.03981673491        -1.817049037
     -9448             -2        -0.008171434481        -1.812237678
     -9448          -2364        -0.008923303158        -1.821573719
     -9448          -4726        -0.01046146037        -1.810140803
     -9448          -7088        -0.01315805655        -1.814159135
     -9448          -9450        -0.01831012147        -1.821018326
     -9448         -11812        -0.02615388146        -1.820418272
     -9448         -14174        -0.03638736609        -1.818505653
     -9448         -16536        -0.05113686994        -1.819251074
     -9448         -18898        -0.0652144673        -1.80931171
     -9448         -21260        -0.08176164769        -1.805720035
     -9448         -23622        -0.09373850474        -1.814933459
     -9448         -25984        -0.09944953774        -1.816142825
     -9448         -28346        -0.09830184408        -1.823832494
     -9448         -30708        -0.08986973543        -1.82287759
     -9448         -33070        -0.07559251774        -1.814274891
     -9448         -35432        -0.06068961307        -1.810768178
     -9448         -37794        -0.04565968545        -1.809653043
    -11810             -2        -0.008202518929        -1.825698052
    -11810          -2364        -0.009083834235        -1.820474825
    -11810          -4726        -0.01085112636        -1.817180329
    -11810          -7088        -0.01395133097        -1.828652385
    -11810          -9450        -0.01971438453        -1.823427147
    -11810         -11812        -0.02844394553        -1.819434674
    -11810         -14174        -0.04013739499        -1.815265623
    -11810         -16536        -0.05700061561        -1.816280016
    -11810         -18898        -0.07337017711        -1.811904044
    -11810         -21260        -0.09265511277        -1.817321192
    -11810         -23622        -0.1065935484        -1.828032066
    -11810         -25984        -0.1121989331        -1.812712801
    -11810         -28346        -0.1110631808        -1.822494321
    -11810         -30708        -0.1015352466        -1.825321869
    -11810         -33070        -0.08539075047        -1.823686737
    -11810         -35432        -0.0682524892        -1.815558141
    -11810         -37794        -0.0510334218        -1.816649484
    -14172             -4        -0.008275578998        -1.811084158
    -14172          -2366        -0.009266254689        -1.823530371
    -14172          -4728        -0.01126474503        -1.818382934
    -14172          -7090        -0.01472557176        -1.817387393
    -14172          -9452        -0.02124113822        -1.822609628
    -14172         -11814        -0.03087626111        -1.80088731
    -14172         -14176        -0.04436124605        -1.814594616
    -14172         -16538        -0.06370308651        -1.821912795
    -14172         -18900        -0.08210441576        -1.810818664
    -14172         -21262        -0.1044833379        -1.825903365
    -14172         -23624        -0.1190706586        -1.814794611
    -14172         -25986        -0.1269957414        -1.825913364
    -14172         -28348        -0.1244830776        -1.818311006
    -14172         -30710        -0.1133631849        -1.816403408
    -14172         -33072        -0.09524356517        -1.816946225
    -14172         -35434        -0.07626806354        -1.817790234
    -14172         -37796        -0.05694129855        -1.825405725
    -16534             -4        -0.008303561703        -1.826270211
    -16534          -2366        -0.009365570904        -1.825516495
    -16534          -4728        -0.01149504415        -1.827627501
    -16534          -7090        -0.01518647809        -1.820389088
    -16534          -9452        -0.02200996765        -1.818697607
    -16534         -11814        -0.03247884449        -1.822646418
    -16534         -14176        -0.04649833755        -1.817811533
    -16534         -16538        -0.0669368341        -1.813861638
    -16534         -18900        -0.08738871542        -1.825635684
    -16534         -21262        -0.1099151569        -1.813566516
    -16534         -23624        -0.1251895246        -1.799189466
    -16534         -25986        -0.13428647        -1.82075029
    -16534         -28348        -0.1321447958        -1.820624161
    -16534         -30710        -0.1203673531        -1.818732186
    -16534         -33072        -0.1009405863        -1.81883421
    -16534         -35434        -0.08073995513        -1.82050201
    -16534         -37796        -0.05986231758        -1.819749016
    -18896             -1        -0.008302954456        -1.817663224
    -18896          -2363        -0.009349375061        -1.823657531
    -18896          -4725        -0.0114670461        -1.828580263
    -18896          -7087        -0.01514225299        -1.824786025
    -18896          -9449        -0.02174545583        -1.817195793
    -18896         -11811        -0.03198969952        -1.823517875
    -18896         -14173        -0.04585264433        -1.822331963
    -18896         -16535        -0.06606726556        -1.815477082
    -18896         -18897        -0.08564834737        -1.813603306
    -18896         -21259        -0.1086051554        -1.816916887
    -18896         -23621        -0.1246218837        -1.817926176
    -18896         -25983        -0.1311538772        -1.804281345
    -18896         -28345        -0.1299663056        -1.817587289
    -18896         -30707        -0.1186111673        -1.819383969
    -18896         -33069        -0.09899613813        -1.811397738
    -18896         -35431        -0.07950727131        -1.820124513
    -18896         -37793        -0.05896765998        -1.820158776
    -21258             -1        -0.008310101545        -1.816183324
    -21258          -2363        -0.009335530196        -1.805474132
    -21258          -4725        -0.01136035227        -1.821753663
    -21258          -7087        -0.01494453795        -1.82790761
    -21258          -9449        -0.02122774786        -1.818464494
    -21258         -11811        -0.03094313719        -1.817652295
    -21258         -14173        -0.04440278117        -1.827196773
    -21258         -16535        -0.06366391959        -1.815779422
    -21258         -18897        -0.08289620122        -1.824312478
    -21258         -21259        -0.1046356166        -1.820250327
    -21258         -23621        -0.120378871        -1.826729434
    -21258         -25983        -0.1270948282        -1.819765607
    -21258         -28345        -0.1255398003        -1.826793165
    -21258         -30707        -0.114612215        -1.829561277
    -21258         -33069        -0.09547369887        -1.815772425
    -21258         -35431        -0.07643060018        -1.817242182
    -21258         -37793        -0.05700286453        -1.825482203
    -23620             -3        -0.00825214624        -1.822261718
    -23620          -2365        -0.009200295752        -1.825217631
    -23620          -4727        -0.01108161304        -1.818537707
    -23620          -7089        -0.01433181646        -1.824257035
    -23620          -9451        -0.02008768767        -1.816180722
    -23620         -11813        -0.02904583147        -1.820825701
    -23620         -14175        -0.04132290142        -1.824395031
    -23620         -16537        -0.05912632572        -1.820711369
    -23620         -18899        -0.07638039951        -1.816115771
    -23620         -21261        -0.09656616154        -1.818371792
    -23620         -23623        -0.1110450302        -1.824022989
    -23620         -25985        -0.117452052        -1.824261597
    -23620         -28347        -0.115239651        -1.817159568
    -23620         -30709        -0.1052561827        -1.819838668
    -23620         -33071        -0.08837424403        -1.817726311
    -23620         -35433        -0.07073409392        -1.815160908
    -23620         -37795        -0.05288629386        -1.823645206
    -25982             -4        -0.008184588904        -1.804332605
    -25982          -2366        -0.009035144008        -1.827685328
    -25982          -4728        -0.01071978073        -1.820957119
    -25982          -7090        -0.01352866498        -1.817452246
    -25982          -9452        -0.01869397115        -1.827642031
    -25982         -11814        -0.0264725232        -1.817735613
    -25982         -14176        -0.03700887        -1.806309334
    -25982         -16538        -0.05261932735        -1.80915514
    -25982         -18900        -0.06822398755        -1.820165655
    -25982         -21262        -0.08641443082        -1.832126972
    -25982         -23624        -0.09863001105        -1.827674655
    -25982         -25986        -0.104128307        -1.826787671
    -25982         -28348        -0.1026280179        -1.828995559
    -25982         -30710        -0.09346771091        -1.825723804
    -25982         -33072        -0.07880128976        -1.82609722
    -25982         -35434        -0.06305408999        -1.818028848
    -25982         -37796        -0.04748973934        -1.829621061
    -28344             -1        -0.008130405888        -1.821480978
    -28344          -2363        -0.008861298913        -1.816012362
    -28344          -4725        -0.01028155817        -1.822264756
    -28344          -7087        -0.01266894334        -1.817432412
    -28344          -9449        -0.01698668437        -1.826377171
    -28344         -11811        -0.02354896892        -1.821086631
    -28344         -14173        -0.03261087268        -1.825289703
    -28344         -16535        -0.04548785738        -1.824010484
    -28344         -18897        -0.05820989741        -1.822475085
    -28344         -21259        -0.07295744112        -1.821935495
    -28344         -23621        -0.0833143761        -1.824827985
    -28344         -25983        -0.08811627414        -1.829393665
    -28344         -28345        -0.08663545912        -1.826327728
    -28344         -30707        -0.07915567247        -1.823566576
    -28344         -33069        -0.06671279038        -1.812597856
    -28344         -35431        -0.05415076546        -1.825148685
    -28344         -37793        -0.04080486854        -1.819577531
    -30706             -1        -0.008077400902        -1.816188279
    -30706          -2363        -0.008629532564        -1.822151724
    -30706          -4725        -0.009744861898        -1.821586009
    -30706          -7087        -0.01159605635        -1.809415922
    -30706          -9449        -0.0149319626        -1.82075631
    -30706         -11811        -0.01996926415        -1.814446458
    -30706         -14173        -0.02695800828        -1.823210419
    -30706         -16535        -0.03692111531        -1.829042171
    -30706         -18897        -0.04641976676        -1.816785131
    -30706         -21259        -0.05783654506        -1.822017834
    -30706         -23621        -0.06527933213        -1.808058443
    -30706         -25983        -0.06917862671        -1.821804933
    -30706         -28345        -0.06799377203        -1.815831457
    -30706         -30707        -0.0623996297        -1.819786312
    -30706         -33069        -0.0534444477        -1.825940596
    -30706         -35431        -0.04323258491        -1.814055832
    -30706         -37793        -0.03327455459        -1.818315999
    -33068              0        -0.007984783531        -1.817577231
    -33068          -2362        -0.00845201223        -1.831330549
    -33068          -4724        -0.009321888305        -1.8308647
    -33068          -7086        -0.0107724573        -1.819795386
    -33068          -9448        -0.01328389911        -1.815303074
    -33068         -11810        -0.01732812757        -1.828031085
    -33068         -14172        -0.02259107196        -1.824026935
    -33068         -16534        -0.03016493757        -1.828641041
    -33068         -18896        -0.0375695353        -1.828991707
    -33068         -21258        -0.04623065574        -1.830922635
    -33068         -23620        -0.05206628746        -1.824650525
    -33068         -25982        -0.0547409964        -1.827246589
    -33068         -28344        -0.05384655575        -1.824919621
    -33068         -30706        -0.04974682825        -1.832881948
    -33068         -33068        -0.0427832272        -1.830128731
    -33068         -35430        -0.03508726802        -1.827591997
    -33068         -37792        -0.02736990544        -1.824807222
    -35430             -2        -0.007909496384        -1.828148421
    -35430          -2364        -0.008239423526        -1.814274738
    -35430          -4726        -0.008837531265        -1.825581121
    -35430          -7088        -0.009898702692        -1.825173046
    -35430          -9450        -0.01160837678        -1.820604904
    -35430         -11812        -0.01437273501        -1.822267772
    -35430         -14174        -0.01805652412        -1.831521106
    -35430         -16536        -0.02317139374        -1.826185226
    -35430         -18898        -0.02818226323        -1.822634642
    -35430         -21260        -0.03415941807        -1.82815307
    -35430         -23622        -0.03800505357        -1.815935226
    -35430         -25984        -0.03983125421        -1.824791649
    -35430         -28346        -0.03930986692        -1.827628264
    -35430         -30708        -0.03635264799        -1.826344596
    -35430         -33070        -0.03157842721        -1.818351722
    -35430         -35432        -0.02645992444        -1.828740938
    -35430         -37794        -0.02130569512        -1.832615012
    -37792             -2        -0.007869550949        -1.80992312
    -37792          -2364        -0.008092862709        -1.81858344
    -37792          -4726        -0.008479907592        -1.816419462
    -37792          -7088        -0.009174563962        -1.82244513
    -37792          -9450        -0.01034576318        -1.823921706
    -37792         -11812        -0.01212465356        -1.83309387
    -37792         -14174        -0.01446359927        -1.834329825
    -37792         -16536        -0.0177398142        -1.834407165
    -37792         -18898        -0.0209002282        -1.823866854
    -37792         -21260        -0.02471242804        -1.832930332
    -37792         -23622        -0.02725945135        -1.831820332
    -37792         -25984        -0.02810442347        -1.818282535
    -37792         -28346        -0.02774600222        -1.82077889
    -37792         -30708        -0.02598010439        -1.830976885
    -37792         -33070        -0.02307505017        -1.829911398
    -37792         -35432        -0.01971821872        -1.829482058
    -37792         -37794        -0.01643109045        -1.829533095
        0           -40000        -0.01607210759        -1.81142758
         0           -42362        -0.0124603586        -1.822464062
         0           -44724        -0.009722009209        -1.821008423
         0           -47086        -0.008387813474        -1.81959592
         0           -49448        -0.007992074604        -1.825690434
     -2362           -40000        -0.0204273899        -1.819381722
     -2362           -42362        -0.01488829622        -1.820760334
     -2362           -44724        -0.01066357042        -1.82117115
     -2362           -47086        -0.008649902738        -1.812133433
     -2362           -49448        -0.008070089682        -1.823725067
     -4724           -40000        -0.02517413652        -1.814769711
     -4724           -42362        -0.01751878128        -1.818401789
     -4724           -44724        -0.01167747805        -1.825870892
     -4724           -47086        -0.008919781694        -1.809137763
     -4724           -49448        -0.008151333029        -1.824875507
     -7086           -40000        -0.02984192171        -1.805459361
     -7086           -42362        -0.02018687716        -1.808289234
     -7086           -44724        -0.01273875381        -1.808362928
     -7086           -47086        -0.009256085749        -1.81268044
     -7086           -49448        -0.008229918323        -1.804590255
     -9448           -40000        -0.03397397915        -1.804022238
     -9448           -42362        -0.02249591714        -1.810108583
     -9448           -44724        -0.01369637879        -1.816637623
     -9448           -47086        -0.009515948272        -1.818764296
     -9448           -49448        -0.008317126372        -1.819320198
    -11810           -40000        -0.03769512118        -1.816477531
    -11810           -42362        -0.02448251176        -1.815300038
    -11810           -44724        -0.01447390766        -1.812689115
    -11810           -47086        -0.009733530968        -1.814893338
    -11810           -49448        -0.008405255434        -1.82315359
    -14172           -40000        -0.04162028976        -1.817315996
    -14172           -42362        -0.02669171596        -1.819700594
    -14172           -44724        -0.01528393798        -1.810999364
    -14172           -47086        -0.009963385074        -1.818892507
    -14172           -49448        -0.008460414568        -1.814441287
    -16534           -40000        -0.04362193604        -1.813217071
    -16534           -42362        -0.02788437448        -1.819427832
    -16534           -44724        -0.01576314507        -1.814639035
    -16534           -47086        -0.01008228492        -1.815147766
    -16534           -49448        -0.008492158775        -1.816576415
    -18896           -40000        -0.04302934488        -1.812008522
    -18896           -42362        -0.02751875725        -1.810903964
    -18896           -44724        -0.01569525365        -1.816907887
    -18896           -47086        -0.01008109433        -1.816180543
    -18896           -49448        -0.008516679282        -1.811179249
    -21258           -40000        -0.04150476433        -1.808354771
    -21258           -42362        -0.0267760402        -1.814641095
    -21258           -44724        -0.01542783935        -1.820054734
    -21258           -47086        -0.01001006075        -1.817700778
    -21258           -49448        -0.008491117635        -1.809174824
    -23620           -40000        -0.03873667599        -1.813250807
    -23620           -42362        -0.02515162618        -1.812432567
    -23620           -44724        -0.01480363804        -1.820912676
    -23620           -47086        -0.00984135114        -1.819641563
    -23620           -49448        -0.008415517497        -1.818582367
    -25982           -40000        -0.03511008637        -1.82622163
    -25982           -42362        -0.02304503794        -1.813422189
    -25982           -44724        -0.01385896746        -1.799303167
    -25982           -47086        -0.009596773396        -1.814699413
    -25982           -49448        -0.008331778181        -1.819561681
    -28344           -40000        -0.03067741077        -1.823336375
    -28344           -42362        -0.02066983309        -1.821973066
    -28344           -44724        -0.01295495597        -1.819650579
    -28344           -47086        -0.009313518157        -1.822621501
    -28344           -49448        -0.008241442263        -1.821368255
    -30706           -40000        -0.02531348011        -1.810941827
    -30706           -42362        -0.01770137137        -1.819198691
    -30706           -44724        -0.01178484162        -1.818061651
    -30706           -47086        -0.008978963266        -1.814695672
    -30706           -49448        -0.008124520475        -1.818834992
    -33068           -40000        -0.02128258962        -1.818512602
    -33068           -42362        -0.01535523479        -1.809758999
    -33068           -44724        -0.01089852623        -1.817641688
    -33068           -47086        -0.008706191028        -1.81540844
    -33068           -49448        -0.008023966569        -1.823524553
    -35430           -40000        -0.01697969148        -1.80972197
    -35430           -42362        -0.01300041566        -1.815416091
    -35430           -44724        -0.009903604307        -1.816173734
    -35430           -47086        -0.008415230729        -1.81707213
    -35430           -49448        -0.007934327505        -1.812155246
    -37792           -40000        -0.01375215991        -1.815720389
    -37792           -42362        -0.01118972203        -1.817055286
    -37792           -44724        -0.009208321691        -1.813551402
    -37792           -47086        -0.008202444407        -1.809066052
    -37792           -49448        -0.007882252693        -1.810988043
