    -0.01682874698        
    -0.01685466463        
    -0.01690768497        
    -0.01691094409        
    -0.01688534826        
    -0.01689184784        
    -0.01690722916        
    -0.01687582557        
    -0.01685221142        
    -0.01690251205        
    -0.0169181428        
    -0.01690003498        
    -0.01690594451        
    -0.01686696531        
    -0.01689512361        
    -0.01689683169        
    -0.01688237161        
    -0.01686132635        
    -0.01687059228        
    -0.01687223816        
    -0.01688492691        
    -0.01684610088        
    -0.01688055822        
    -0.01688036818        
    -0.01689760743        
    -0.01689267339        
    -0.01687558889        
    -0.01689359236        
    -0.01689180947        
    -0.01682642763        
    -0.01685369598        
    -0.01684334079        
    -0.01685490678        
    -0.01682845822        
    -0.01688444927        
    -0.0168122658        
    -0.01685440897        
    -0.01690549537        
    -0.01687435762        
    -0.01686301028        
    -0.01689232579        
    -0.01686710956        
    -0.01684335384        
    -0.01686012376        
    -0.01686144827        
    -0.01683641138        
    -0.01685809602        
    -0.01687935906        
    -0.01689951987        
    -0.01687960016        
    -0.01688279361        
    -0.01689669891        
    -0.01695760693        
    -0.01693553824        
    -0.01688710185        
    -0.01691486833        
    -0.01694512525        
    -0.01687695109        
    -0.01687325506        
    -0.01686956279        
    -0.01688389804        
    -0.0169017372        
    -0.01686594989        
    -0.01686448341        
    -0.01687404975        
    -0.01688500874        
    -0.01690571009        
    -0.01688086903        
    -0.01691851685        
    -0.01688245839        
    -0.01693421401        
    -0.01690335327        
    -0.01688929644        
    -0.01690356109        
    -0.01692642952        
    -0.01691406397        
    -0.01691369135        
    -0.01689580237        
    -0.01688884096        
    -0.01690307646        
    -0.01685917719        
    -0.01686830363        
    -0.0169115648        
    -0.01688771423        
    -0.01691223363        
    -0.01690920546        
    -0.01688885702        
    -0.01685860567        
    -0.01684308271        
    -0.01685332524        
