   -5000            -700        -0.01691752703        
   -5000           -5400        -0.01687144528        
   -5000          -10100        -0.01671900524        
   -5000          -14800        -0.01666071238        
   -5000          -19500        -0.01666180345        
   -5000          -24200        -0.01685488973        
   -5000          -28900        -0.01693371081        
   -9700            -700        -0.01685658312        
   -9700           -5400        -0.01611840034        
   -9700          -10100        -0.0007393264029        
   -9700          -14800        -0.0001265165801        
   -9700          -19500        0.0006761151553        
   -9700          -24200        -0.0114330848        
   -9700          -28900        -0.01688891323        
  -14400            -700        -0.01684496772        
  -14400           -5400        -0.01535685411        
  -14400          -10100        0.009910615372        
  -14400          -14800        0.01211024444        
  -14400          -19500        0.01344154208        
  -14400          -24200        -0.007181008374        
  -14400          -28900        -0.01686760122        
  -19100            -700        -0.01683546836        
  -19100           -5400        -0.01513924518        
  -19100          -10100        0.009614374736        
  -19100          -14800        0.0125425606        
  -19100          -19500        0.01395013501        
  -19100          -24200        -0.006638461855        
  -19100          -28900        -0.01685545704        
  -23800            -700        -0.01683821847        
  -23800           -5400        -0.01518432405        
  -23800          -10100        0.009887221678        
  -23800          -14800        0.01223413346        
  -23800          -19500        0.01334164268        
  -23800          -24200        -0.006939956632        
  -23800          -28900        -0.01684585453        
  -28500            -700        -0.01685559515        
  -28500           -5400        -0.0160306942        
  -28500          -10100        -0.002161636022        
  -28500          -14800        -0.001421075449        
  -28500          -19500        -0.0008629187728        
  -28500          -24200        -0.01179679603        
  -28500          -28900        -0.01685094633        
  -33200            -700        -0.01689408493        
  -33200           -5400        -0.01690036711        
  -33200          -10100        -0.01682894008        
  -33200          -14800        -0.01676614738        
  -33200          -19500        -0.01675407858        
  -33200          -24200        -0.01686219369        
  -33200          -28900        -0.01691251113        
