 -1.814321163        
 -1.81395328        
 -1.804301156        
 -1.812303348        
 -1.80606344        
 -1.812867517        
 -1.803718143        
 -1.806766546        
 -1.813845645        
 -1.813326493        
 -1.800118803        
 -1.808947375        
 -1.806598048        
 -1.808055618        
 -1.804828603        
 -1.809310827        
 -1.805309394        
 -1.810189675        
 -1.814066053        
 -1.815966781        
 -1.813478119        
 -1.812076003        
 -1.806941193        
 -1.809427047        
 -1.809172545        
 -1.810662635        
 -1.814204615        
 -1.817478999        
 -1.807533519        
 -1.815241694        
 -1.810915472        
 -1.806330201        
 -1.815439572        
 -1.810957674        
 -1.811395518        
 -1.809110033        
 -1.814568641        
 -1.806276833        
 -1.810749376        
 -1.812276371        
 -1.809429891        
 -1.808731104        
 -1.80550049        
 -1.81486064        
 -1.811288314        
 -1.812924617        
 -1.791946185        
 -1.811694624        
 -1.809490102        
 -1.812504972        
 -1.806794435        
 -1.817729043        
 -1.808050519        
 -1.814747516        
 -1.802316334        
 -1.806326788        
 -1.808218764        
 -1.812351625        
 -1.815868469        
 -1.809903465        
 -1.80752691        
 -1.807107402        
 -1.804566584        
 -1.813551545        
 -1.805889563        
 -1.812908578        
 -1.806535869        
 -1.802576396        
 -1.804123335        
 -1.798934591        
 -1.798239209        
 -1.806811507        
 -1.801830236        
 -1.812681191        
 -1.811839364        
 -1.817682571        
 -1.808156451        
 -1.811479513        
 -1.80655089        
 -1.817249631        
 -1.814623152        
 -1.80706029        
 -1.815087963        
 -1.809961674        
 -1.806494788        
 -1.812734157        
 -1.810958287        
 -1.810647815        
 -1.813269193        
 -1.811965747
