Date_Time             Cha-1(Gauss)     Ch-2(Gauss)       Ch-3(Gauss)      Ch-4(Gauss)     Ch-5(Gauss)    Ch-6(Gauss)  Max_Range(Gauss)    Offset(Gauss)
===========           =============  =============     =============    =============   =============  =============  ================  ====================

2014-09-15-11-35-24	0.49413239	-0.50467686	-0.078465541	 3.5886181	 3.1347074	 3.5886146	 9.9999972	0.0032607647	
2014-09-15-11-35-54	0.49304878	-0.50499754	-0.07870992	 3.5820974	 3.1179942	 3.5820962	 9.9999972	0.0025753114	
2014-09-15-11-36-20	0.49255525	-0.50521927	-0.078944763	 3.5776521	 3.1076337	 3.5776497	 9.9999972	0.0020329091	
2014-09-15-11-36-54	0.49252664	-0.50492005	-0.079519351	  3.573444	 3.0976976	 3.5734452	 9.9999972	0.0017074678	
2015-01-12-16-21-52	-0.031475627	-4.6322302	0.21903314	-9.1458272e-06	-1.033792e-05	-6.7616416e-06	  9.999971	4.2114163e-05	
2015-01-12-16-22-02	-0.031473243	-4.6320347	0.21902599	-1.033792e-05	-9.1458272e-06	-5.5695488e-06	 9.9999746	4.6882534e-05	
2015-01-12-16-22-13	-0.031476819	-4.6319322	0.21901883	-6.7616416e-06	-1.2722106e-05	-6.7616416e-06	 9.9999591	5.5227184e-05	
2015-01-12-16-22-24	-0.031497085	-4.6319346	0.21902002	-1.033792e-05	-1.1530013e-05	-1.033792e-05	 9.9999865	3.3769514e-05	
2015-01-12-16-22-34	-0.031489932	-4.6318821	0.21902837	-9.1458272e-06	-1.033792e-05	-9.1458272e-06	 9.9999853	3.8537885e-05	
2015-01-12-16-22-45	-0.031494701	-4.6318464	0.21902837	-6.7616416e-06	-1.1530013e-05	-5.5695488e-06	 9.9999841	4.092207e-05	
2015-01-12-16-22-56	-0.031497085	-4.6318011	0.21903075	-7.9537344e-06	-9.1458272e-06	-9.1458272e-06	 9.9999722	4.3306256e-05	
2015-01-12-16-23-06	-0.031497085	-4.6317844	0.21902956	-7.9537344e-06	-1.2722106e-05	-1.033792e-05	 9.9999674	4.6882534e-05	
2015-01-12-16-23-17	-0.031494701	-4.6317319	0.21901883	-9.1458272e-06	-1.1530013e-05	-5.5695488e-06	 9.9999746	5.6419277e-05	
2015-01-12-16-23-27	-0.031500661	-4.6317164	0.21901287	-7.9537344e-06	-1.1530013e-05	-7.9537344e-06	 9.9999567	5.8803462e-05	
2015-01-12-16-31-27	-0.031462514	-4.6316401	0.21899976	-6.7616416e-06	-1.7490477e-05	-9.1458272e-06	 9.9999924	5.0458813e-05	
2015-01-12-16-31-37	-0.031463706	-4.6315889	0.21899618	-7.9537344e-06	-1.1530013e-05	-1.9932704e-06	 9.9999841	5.1650906e-05	
2015-01-12-16-31-48	-0.031467283	-4.6315853	0.21899141	-7.9537344e-06	-1.1530013e-05	-4.377456e-06	 9.9999936	5.9995555e-05	
2015-01-12-16-31-59	-0.031463706	-4.6315877	0.21900095	-4.377456e-06	-1.1530013e-05	-5.5695488e-06	 9.9999972	4.3306256e-05	
2015-01-12-16-32-09	-0.031474435	-4.6316056	0.21899618	-9.1458272e-06	-1.5106291e-05	-4.377456e-06	 9.9999972	4.2114163e-05	
2015-01-12-16-32-20	-0.031478012	-4.6315984	0.21899141	-6.7616416e-06	-1.2722106e-05	-4.377456e-06	 9.9999972	4.6882534e-05	
2015-01-12-16-32-30	-0.031483972	 -4.631627	0.21899022	-7.9537344e-06	-1.6298384e-05	-6.7616416e-06	 9.9999972	4.926672e-05	
2015-01-12-16-32-41	-0.031493509	-4.6316449	0.21899261	-7.9537344e-06	-1.1530013e-05	-5.5695488e-06	 9.9999972	4.926672e-05	
2015-01-12-16-32-52	-0.031483972	-4.6316211	0.21898426	-3.1853632e-06	-1.1530013e-05	-4.377456e-06	 9.9999972	5.5227184e-05	
2015-01-12-16-33-02	-0.03148874	 -4.631695	0.21897592	-5.5695488e-06	-1.1530013e-05	-5.5695488e-06	 9.9999936	3.8537885e-05	
2015-01-12-16-33-13	-0.031498277	-4.6317391	0.21899261	-4.377456e-06	-1.2722106e-05	-1.033792e-05	 9.9999972	4.2114163e-05	
2015-01-12-16-33-23	-0.031501853	-4.6317045	0.21892943	-9.1458272e-06	-1.3914198e-05	-7.9537344e-06	 9.9999972	3.6153699e-05	
2015-01-12-16-33-34	-0.022806729	-4.6395592	0.22325672	-5.5695488e-06	-1.6298384e-05	-3.1853632e-06	 9.9999972	4.4498349e-05	
2015-01-12-16-33-45	-0.031368339	-4.6318047	0.21923818	-4.377456e-06	-1.6298384e-05	-6.7616416e-06	 9.9999972	4.6882534e-05	
2015-01-12-16-33-55	-0.031275356	-4.6317248	0.21943368	-7.9537344e-06	-1.2722106e-05	-4.377456e-06	 9.9999972	5.1650906e-05	
2015-01-12-16-34-06	-0.031978691	-4.6315901	 0.2195672	-1.9932704e-06	-1.2722106e-05	-9.1458272e-06	 9.9999972	5.9995555e-05	
2015-01-12-16-34-17	-0.18288453	-5.5658761	-0.94106389	-1.2722106e-05	-1.7490477e-05	-7.9537344e-06	 9.9999972	4.2114163e-05	
2015-01-12-16-34-27	 6.1343943	       -10	0.66058789	-5.5695488e-06	-1.2722106e-05	-5.5695488e-06	 9.9999972	3.9729978e-05	
2015-01-12-16-34-38	 6.1344158	       -10	0.66049848	-6.7616416e-06	-1.3914198e-05	-5.5695488e-06	 9.9999972	4.5690442e-05	
2015-01-12-16-34-48	 6.1343895	       -10	0.66045556	-4.377456e-06	-1.1530013e-05	-6.7616416e-06	 9.9999972	5.0458813e-05	
2015-01-12-16-34-59	 6.1343633	       -10	0.66043053	-1.033792e-05	-1.3914198e-05	-3.1853632e-06	 9.9999972	5.0458813e-05	
2015-01-12-16-35-10	  6.134349	       -10	0.66039834	-4.377456e-06	-1.2722106e-05	-6.7616416e-06	 9.9999972	5.6419277e-05	
2015-01-12-16-35-20	 6.1343073	       -10	0.66037927	-7.9537344e-06	-1.2722106e-05	-1.033792e-05	 9.9999972	6.5956019e-05	
2015-01-12-16-35-31	 6.1342584	       -10	0.59480344	-6.7616416e-06	-1.3914198e-05	-4.377456e-06	 9.9999972	4.092207e-05	
2015-01-12-16-35-41	-0.031301582	-4.6318309	0.21797456	-6.7616416e-06	-1.5106291e-05	-6.7616416e-06	 9.9999972	3.9729978e-05	
2015-01-12-16-35-52	-0.031239593	-4.6317546	0.21782078	-4.377456e-06	-1.3914198e-05	-4.377456e-06	 9.9999972	4.4498349e-05	
2015-01-12-16-36-03	-0.03123244	-4.6317844	0.21785177	-6.7616416e-06	-1.3914198e-05	-4.377456e-06	 9.9999972	4.926672e-05	
2015-01-12-16-36-13	-0.031222904	-4.6318035	0.21785416	-5.5695488e-06	-1.2722106e-05	-5.5695488e-06	 9.9999972	4.8074627e-05	
2015-01-12-16-36-24	-0.031222904	-4.6318106	0.21784581	-7.9537344e-06	-1.5106291e-05	-6.7616416e-06	 9.9999972	5.9995555e-05	
2015-01-12-16-41-10	-0.031182373	  -4.63167	0.21788158	-9.1458272e-06	-2.1066755e-05	-1.033792e-05	 9.9999781	3.9729978e-05	
2015-01-12-16-41-20	-0.031177604	-4.6315579	0.21788396	-1.033792e-05	-1.6298384e-05	-7.9537344e-06	 9.9999817	3.9729978e-05	
2015-01-12-16-41-30	-0.03118118	-4.6315257	0.21788038	-6.7616416e-06	-1.9874662e-05	-9.1458272e-06	 9.9999865	4.8074627e-05	
2015-01-12-16-41-39	-0.031185949	-4.6314661	0.21787681	-9.1458272e-06	-2.1066755e-05	-6.7616416e-06	 9.9999817	4.5690442e-05	
2015-01-12-16-41-49	-0.03118118	-4.6314697	0.21787562	-1.033792e-05	-2.4643034e-05	-9.1458272e-06	 9.9999829	5.2842998e-05	
2015-01-12-16-41-59	-0.031188333	-4.6314268	0.21787085	-1.033792e-05	-1.9874662e-05	-1.1530013e-05	 9.9999686	6.1187648e-05	
2015-01-12-16-42-08	-0.031191909	-4.6314053	0.21788158	-7.9537344e-06	-2.2258848e-05	-9.1458272e-06	 9.9999972	3.7345792e-05	
2015-01-12-16-42-18	-0.031195486	-4.6313874	0.21788873	-5.5695488e-06	-2.4643034e-05	-1.033792e-05	 9.9999972	3.9729978e-05	
2015-01-12-16-42-27	-0.031195486	-4.6313982	0.21788515	-1.2722106e-05	-2.3450941e-05	-9.1458272e-06	 9.9999972	4.092207e-05	
2015-01-12-16-42-37	-0.031194293	-4.6313421	0.21788038	-9.1458272e-06	-2.2258848e-05	-1.1530013e-05	 9.9999972	4.6882534e-05	
2015-01-12-16-42-47	-0.031194293	-4.6313123	0.21788754	-1.1530013e-05	-2.1066755e-05	-1.033792e-05	 9.9999912	4.926672e-05	
2015-01-12-16-42-56	-0.031194293	-4.6313421	0.21788515	-9.1458272e-06	-1.9874662e-05	-1.2722106e-05	 9.9999924	5.2842998e-05	
2015-01-12-16-43-06	-0.031201446	-4.6312861	0.21787681	-1.033792e-05	-2.5835126e-05	-9.1458272e-06	 9.9999769	5.9995555e-05	
2015-01-12-16-43-15	-0.031199062	 -4.631242	0.21788873	-9.1458272e-06	-2.3450941e-05	-9.1458272e-06	 9.9999972	3.9729978e-05	
2015-01-12-16-43-25	-0.031206214	-4.6312432	 0.2178935	-1.1530013e-05	-2.2258848e-05	-1.033792e-05	 9.9999972	3.8537885e-05	
2015-01-12-16-43-35	-0.031201446	-4.6312468	0.21789469	-1.033792e-05	-2.1066755e-05	-1.033792e-05	 9.9999972	4.2114163e-05	
2015-01-12-16-43-44	-0.031202638	  -4.63118	 0.2178935	-9.1458272e-06	-2.3450941e-05	-6.7616416e-06	 9.9999972	4.5690442e-05	
2015-01-12-16-43-54	-0.031209791	-4.6311657	0.21789827	-1.033792e-05	-1.868257e-05	-1.033792e-05	 9.9999972	5.1650906e-05	
2015-01-12-16-44-03	-0.031209791	-4.6311514	0.21788992	-9.1458272e-06	-2.3450941e-05	-5.5695488e-06	 9.9999972	5.0458813e-05	
2015-01-12-16-44-13	-0.031216943	-4.6311371	 0.2178935	-9.1458272e-06	-2.2258848e-05	-7.9537344e-06	 9.9999972	5.9995555e-05	
2015-01-12-16-44-23	-0.031218135	 -4.631124	0.21788992	-6.7616416e-06	-2.2258848e-05	-1.033792e-05	 9.9999972	3.7345792e-05	
2015-01-12-16-44-32	-0.031222904	-4.6310668	0.21788873	-1.033792e-05	-2.7027219e-05	-1.033792e-05	 9.9999972	3.7345792e-05	
2015-01-12-16-44-42	-0.03122052	-4.6310763	0.21788515	-7.9537344e-06	-2.3450941e-05	-9.1458272e-06	 9.9999972	3.9729978e-05	
2015-01-12-16-44-51	-0.031225288	-4.6310715	0.21788754	-9.1458272e-06	-1.7490477e-05	-7.9537344e-06	 9.9999972	4.5690442e-05	
2015-01-12-16-45-01	-0.031227672	-4.6310799	0.21788158	-1.033792e-05	-2.5835126e-05	-9.1458272e-06	 9.9999972	4.5690442e-05	
2015-01-12-16-45-11	-0.031224096	-4.6310846	  0.217878	-6.7616416e-06	-2.2258848e-05	-1.033792e-05	 9.9999972	5.0458813e-05	
2015-01-12-16-45-20	-0.031227672	-4.6310906	0.21787562	-9.1458272e-06	-2.2258848e-05	-1.033792e-05	 9.9999972	5.8803462e-05	
2015-01-12-16-45-30	-0.031230056	-4.6311121	0.21787323	-1.033792e-05	-2.4643034e-05	-9.1458272e-06	 9.9999972	3.4961606e-05	
2015-01-12-16-45-39	-0.03122648	-4.6311132	0.21787919	-7.9537344e-06	-2.3450941e-05	-9.1458272e-06	 9.9999972	3.8537885e-05	
2015-01-12-16-45-49	-0.031231248	-4.6311121	0.21788396	-6.7616416e-06	-2.3450941e-05	-1.033792e-05	 9.9999972	4.092207e-05	
2015-01-12-16-45-59	-0.031224096	-4.6311562	0.21787681	-9.1458272e-06	-2.7027219e-05	-1.2722106e-05	 9.9999972	4.5690442e-05	
2015-01-12-16-46-08	-0.031234825	-4.6311347	0.21787562	-1.1530013e-05	-2.3450941e-05	-6.7616416e-06	 9.9999972	4.926672e-05	
2015-01-12-16-46-18	-0.031234825	-4.6311574	  0.217878	-1.033792e-05	-2.5835126e-05	-1.033792e-05	 9.9999972	4.8074627e-05	
2015-01-12-16-46-27	-0.031230056	-4.6311538	0.21786846	-9.1458272e-06	-1.9874662e-05	-7.9537344e-06	 9.9999972	5.6419277e-05	
2015-01-12-16-46-37	-0.031231248	-4.6311776	0.21787085	-1.033792e-05	-2.3450941e-05	-1.033792e-05	 9.9999972	3.1385328e-05	
2015-01-12-16-46-47	-0.031234825	-4.6312074	0.21787442	-1.1530013e-05	-2.9411405e-05	-1.5106291e-05	 9.9999972	3.8537885e-05	
2015-01-12-16-46-56	-0.031234825	-4.6312205	0.21787562	-1.033792e-05	-2.5835126e-05	-1.033792e-05	 9.9999972	4.092207e-05	
2015-01-12-16-47-06	-0.03123244	 -4.631186	0.21787204	-1.033792e-05	-2.5835126e-05	-1.3914198e-05	 9.9999972	4.2114163e-05	
2015-01-12-16-47-15	-0.03123244	-4.6312515	0.21787681	-1.033792e-05	-2.2258848e-05	-1.1530013e-05	 9.9999972	4.5690442e-05	
2015-01-12-16-47-25	-0.031230056	-4.6312325	0.21786727	-9.1458272e-06	-2.3450941e-05	-1.5106291e-05	 9.9999972	4.926672e-05	
2015-01-12-16-47-35	-0.031228864	-4.6312611	0.21786966	-1.033792e-05	-2.3450941e-05	-1.033792e-05	 9.9999972	5.6419277e-05	
2015-01-12-16-47-44	-0.031227672	-4.6312897	0.21786608	-7.9537344e-06	-2.2258848e-05	-6.7616416e-06	 9.9999853	3.4961606e-05	
2015-01-12-16-47-54	-0.031227672	-4.6313231	0.21787204	-1.033792e-05	-2.5835126e-05	-1.033792e-05	 9.9999972	3.9729978e-05	
2015-01-12-16-48-04	-0.03122648	-4.6313135	0.21787085	-9.1458272e-06	-2.4643034e-05	-9.1458272e-06	 9.9999972	3.8537885e-05	
2015-01-12-16-48-13	-0.03122648	-4.6313147	0.21787085	-1.2722106e-05	-2.4643034e-05	-9.1458272e-06	 9.9999972	3.9729978e-05	
2015-01-12-16-48-23	-0.03123244	-4.6313195	0.21787204	-1.033792e-05	-2.4643034e-05	-1.1530013e-05	 9.9999924	4.4498349e-05	
2015-01-12-16-48-32	-0.031230056	-4.6313588	0.21786608	-1.033792e-05	-2.4643034e-05	-1.5106291e-05	 9.9999972	4.6882534e-05	
2015-01-12-16-48-42	-0.03123244	-4.6313719	 0.2178625	-9.1458272e-06	-2.5835126e-05	-1.033792e-05	 9.9999936	5.4035091e-05	
2015-01-12-16-48-52	-0.031234825	-4.6313791	0.21786012	-9.1458272e-06	-2.4643034e-05	-9.1458272e-06	 9.9999865	6.1187648e-05	
2015-01-12-16-49-01	-0.031228864	 -4.631428	0.21786608	-1.033792e-05	-2.2258848e-05	-1.1530013e-05	 9.9999972	3.7345792e-05	
2015-01-12-16-49-11	-0.031234825	-4.6314208	0.21786846	-1.1530013e-05	-2.5835126e-05	-9.1458272e-06	 9.9999972	4.092207e-05	
2015-01-12-16-49-20	-0.031231248	-4.6314435	0.21786012	-1.1530013e-05	-2.4643034e-05	-1.033792e-05	 9.9999972	4.3306256e-05	
2015-01-12-16-49-30	-0.03123244	-4.6314542	0.21785893	-1.2722106e-05	-2.4643034e-05	-1.033792e-05	 9.9999972	4.3306256e-05	
2015-01-12-16-49-40	-0.031233633	-4.6314911	0.21785773	-6.7616416e-06	-2.7027219e-05	-7.9537344e-06	 9.9999972	4.926672e-05	
2015-01-12-16-49-49	-0.031238401	-4.6314613	 0.2178482	-7.9537344e-06	-2.4643034e-05	-6.7616416e-06	 9.9999972	5.0458813e-05	
2015-01-12-16-49-59	-0.031234825	-4.6314446	0.21785058	-9.1458272e-06	-2.4643034e-05	-5.5695488e-06	 9.9999972	5.8803462e-05	
2015-01-12-16-50-08	-0.031241977	-4.6315007	0.21785535	-5.5695488e-06	-2.3450941e-05	-1.3914198e-05	 9.9999972	3.6153699e-05	
2015-01-12-16-50-18	-0.031234825	  -4.63154	0.21784939	-1.033792e-05	-2.8219312e-05	-1.033792e-05	 9.9999972	4.092207e-05	
2015-01-12-16-50-28	-0.031239593	 -4.631509	0.21785773	-6.7616416e-06	-2.4643034e-05	-9.1458272e-06	 9.9999972	4.2114163e-05	
2015-01-12-16-50-37	-0.031240785	-4.6315412	0.21785058	-1.3914198e-05	-2.7027219e-05	-1.2722106e-05	 9.9999972	4.2114163e-05	
2015-01-12-16-50-47	-0.031241977	-4.6315317	0.21784939	-9.1458272e-06	-2.4643034e-05	-1.033792e-05	 9.9999972	4.926672e-05	
2015-01-12-16-50-56	-0.031238401	-4.6315543	0.21784701	-1.2722106e-05	-2.4643034e-05	-1.033792e-05	 9.9999972	5.1650906e-05	
2015-01-12-16-51-06	-0.031246746	 -4.631571	0.21784224	-1.033792e-05	-2.4643034e-05	-1.2722106e-05	 9.9999972	5.761137e-05	
2015-01-12-16-51-16	-0.031246746	-4.6316044	0.21785058	-7.9537344e-06	-2.3450941e-05	-9.1458272e-06	 9.9999972	3.3769514e-05	
2015-01-12-16-51-25	-0.031246746	 -4.631596	0.21784701	-9.1458272e-06	-2.8219312e-05	-1.033792e-05	 9.9999972	3.9729978e-05	
2015-01-12-16-51-35	-0.031251514	-4.6315805	 0.2178482	-7.9537344e-06	-2.5835126e-05	-1.5106291e-05	 9.9999972	3.9729978e-05	
2015-01-12-16-51-44	-0.031250322	-4.6316032	0.21784462	-9.1458272e-06	-2.8219312e-05	-1.033792e-05	 9.9999972	4.926672e-05	
2015-01-12-16-51-54	-0.031250322	-4.6316115	0.21784462	-1.033792e-05	-2.7027219e-05	-1.1530013e-05	 9.9999972	4.4498349e-05	
2015-01-12-16-52-04	-0.031246746	-4.6316556	0.21784224	-1.1530013e-05	-2.8219312e-05	-1.5106291e-05	 9.9999972	5.1650906e-05	
2015-01-12-16-52-13	-0.031245553	-4.6316425	0.21784224	-1.1530013e-05	-2.8219312e-05	-1.3914198e-05	 9.9999948	5.761137e-05	
2015-01-12-16-52-23	-0.031240785	-4.6316533	0.21783508	-1.033792e-05	-2.7027219e-05	-1.1530013e-05	 9.9999972	3.6153699e-05	
2015-01-12-16-52-32	-0.031245553	-4.6316199	0.21785297	-9.1458272e-06	-2.7027219e-05	-7.9537344e-06	 9.9999972	3.7345792e-05	
2015-01-12-16-52-42	-0.031243169	 -4.631689	0.21784224	-6.7616416e-06	-2.5835126e-05	-1.033792e-05	 9.9999972	3.7345792e-05	
2015-01-12-16-52-52	-0.031244361	-4.6316688	0.21783985	-1.033792e-05	-2.5835126e-05	-1.1530013e-05	 9.9999972	4.2114163e-05	
2015-01-12-16-53-01	-0.031243169	-4.6316998	0.21784581	-5.5695488e-06	-2.4643034e-05	-1.1530013e-05	 9.9999972	4.6882534e-05	
2015-01-12-16-53-11	-0.031240785	-4.6316735	0.21783032	-1.033792e-05	-2.9411405e-05	-1.1530013e-05	 9.9999972	4.8074627e-05	
2015-01-12-16-53-21	-0.031239593	-4.6316831	0.21781601	-1.033792e-05	-2.7027219e-05	-1.1530013e-05	 9.9999972	5.5227184e-05	
2015-01-12-16-53-30	-0.031234825	-4.6317021	0.21782436	-7.9537344e-06	-2.8219312e-05	-1.2722106e-05	 9.9999901	4.092207e-05	
2015-01-12-16-53-40	-0.031236017	-4.6317153	0.21783628	-1.3914198e-05	-2.4643034e-05	-1.1530013e-05	 9.9999972	4.092207e-05	
2015-01-12-16-53-49	-0.031238401	-4.6317403	0.21783866	-1.033792e-05	-2.8219312e-05	-1.2722106e-05	 9.9999972	4.092207e-05	
2015-01-12-16-53-59	-0.031238401	 -4.631757	0.21783747	-1.033792e-05	-2.9411405e-05	-7.9537344e-06	 9.9999972	4.2114163e-05	
2015-01-12-16-54-09	-0.031238401	-4.6317117	0.21782912	-1.033792e-05	-2.7027219e-05	-1.6298384e-05	 9.9999972	4.5690442e-05	
2015-01-12-16-54-18	-0.031240785	-4.6317474	0.21782793	-3.1853632e-06	-2.5835126e-05	-9.1458272e-06	 9.9999972	4.4498349e-05	
2015-01-12-16-54-28	-0.031231248	-4.6318094	0.21783389	-9.1458272e-06	-2.7027219e-05	-7.9537344e-06	 9.9999972	5.4035091e-05	
2015-01-12-16-54-37	-0.031221712	-4.6317772	0.21782316	-1.033792e-05	-2.7027219e-05	-9.1458272e-06	 9.9999972	5.8803462e-05	
2015-01-12-16-54-47	-0.031234825	-4.6317784	0.21784224	-1.033792e-05	-2.5835126e-05	-1.2722106e-05	 9.9999972	3.7345792e-05	
2015-01-12-16-54-57	-0.031212175	-4.6317629	 0.2178482	-1.033792e-05	-2.9411405e-05	-9.1458272e-06	 9.9999972	3.9729978e-05	
2015-01-12-16-55-06	-0.031225288	 -4.631807	0.21784701	-1.1530013e-05	-2.8219312e-05	-9.1458272e-06	 9.9999972	3.9729978e-05	
2015-01-12-16-55-16	-0.03122052	-4.6317868	0.21784701	-1.033792e-05	-3.0603498e-05	-7.9537344e-06	 9.9999972	4.4498349e-05	
2015-01-12-16-55-25	-0.031215751	-4.6317832	 0.2178482	-1.2722106e-05	-3.179559e-05	-9.1458272e-06	 9.9999972	4.5690442e-05	
2015-01-12-16-55-35	-0.031208599	 -4.631776	0.21784581	-9.1458272e-06	-2.8219312e-05	-1.033792e-05	 9.9999972	5.4035091e-05	
2015-01-12-17-14-25	-0.031216943	-4.6314291	0.21780886	-1.3914198e-05	-4.2524426e-05	-1.6298384e-05	 9.9999662	3.4961606e-05	
2015-01-12-17-14-35	-0.031210983	-4.6313636	 0.2178029	-1.5106291e-05	-4.4908611e-05	-1.2722106e-05	 9.9999543	3.7345792e-05	
2015-01-12-17-19-35	-0.031218135	-4.6309213	0.21778144	-1.7490477e-05	-4.6100704e-05	-1.868257e-05	 9.9999698	3.4961606e-05	
2015-01-12-17-19-45	-0.031274164	-4.6308355	 0.2178184	-1.6298384e-05	-4.3716518e-05	-1.5106291e-05	  9.999971	4.092207e-05	
2015-01-12-17-19-54	-0.031272972	-4.6308534	0.21783151	-1.6298384e-05	-4.7292797e-05	-1.6298384e-05	 9.9999912	4.4498349e-05	
2015-01-12-17-21-53	-0.031227672	-4.6311705	0.21777071	-1.9874662e-05	-4.7292797e-05	-1.7490477e-05	 9.9999829	3.6153699e-05	
2015-01-12-17-22-02	-0.031219327	 -4.631062	0.21777071	-1.3914198e-05	-4.7292797e-05	-1.868257e-05	 9.9999829	4.092207e-05	
2015-01-12-17-22-12	-0.031218135	-4.6311204	0.21776714	-1.868257e-05	-4.7292797e-05	-1.6298384e-05	 9.9999817	4.092207e-05	
2015-01-12-17-22-21	-0.031218135	-4.6310977	0.21776594	-1.868257e-05	-4.4908611e-05	-1.7490477e-05	 9.9999841	4.926672e-05	
2015-01-12-17-22-31	-0.031224096	-4.6311085	0.21775879	-1.5106291e-05	-4.4908611e-05	-1.6298384e-05	 9.9999889	4.926672e-05	
2015-01-12-17-22-41	-0.031230056	-4.6311001	0.21775641	-1.6298384e-05	-4.7292797e-05	-1.5106291e-05	 9.9999817	5.9995555e-05	
2015-01-12-17-22-50	-0.03123244	-4.6311275	0.21776833	-1.6298384e-05	-4.7292797e-05	-1.868257e-05	 9.9999912	3.2577421e-05	
2015-01-12-17-23-00	-0.031234825	-4.6311204	0.21777071	-1.5106291e-05	-4.7292797e-05	-1.6298384e-05	 9.9999877	3.7345792e-05	
2015-01-12-17-23-09	-0.03123244	-4.6311335	0.21776714	-1.868257e-05	-4.9676982e-05	-1.7490477e-05	 9.9999924	4.092207e-05	
2015-01-12-17-23-19	-0.031227672	-4.6311478	0.21776714	-1.7490477e-05	-4.6100704e-05	-1.6298384e-05	 9.9999972	4.2114163e-05	
2015-01-12-17-23-29	-0.031228864	-4.6312015	0.21775998	-1.3914198e-05	-4.4908611e-05	-2.1066755e-05	 9.9999972	4.6882534e-05	
2015-01-12-17-23-38	-0.031231248	-4.6311717	0.21775641	-1.5106291e-05	-4.9676982e-05	-1.6298384e-05	 9.9999817	5.4035091e-05	
2015-01-12-17-23-48	-0.031233633	-4.6312205	0.21775164	-1.3914198e-05	-4.7292797e-05	-1.7490477e-05	  9.999965	3.1385328e-05	
2015-01-12-17-23-57	-0.03122648	-4.6312372	 0.2177576	-1.5106291e-05	-4.7292797e-05	-1.5106291e-05	 9.9999972	3.4961606e-05	
2015-01-12-17-24-07	-0.031225288	-4.6312277	0.21776117	-1.5106291e-05	-4.4908611e-05	-1.7490477e-05	 9.9999972	3.4961606e-05	
2015-01-12-17-24-17	-0.031230056	-4.6312575	0.21776356	-1.6298384e-05	-5.0869075e-05	-1.7490477e-05	 9.9999948	3.7345792e-05	
2015-01-12-17-24-26	-0.031228864	-4.6312754	0.21775998	-1.7490477e-05	-4.848489e-05	-1.9874662e-05	 9.9999829	4.5690442e-05	
2015-01-12-17-24-36	-0.031233633	-4.6312611	0.21775641	-1.7490477e-05	-4.848489e-05	-1.6298384e-05	 9.9999889	4.6882534e-05	
2015-01-12-17-24-45	-0.031228864	-4.6312825	0.21775164	-1.5106291e-05	-4.9676982e-05	-1.3914198e-05	 9.9999769	4.926672e-05	
2015-01-12-17-24-55	-0.03123244	-4.6312766	0.21774449	-1.2722106e-05	-4.7292797e-05	-1.6298384e-05	 9.9999626	3.4961606e-05	
2015-01-12-17-25-05	-0.03123244	-4.6313004	 0.2177576	-1.1530013e-05	-5.0869075e-05	-1.6298384e-05	 9.9999829	3.7345792e-05	
2015-01-12-17-25-14	-0.03122648	-4.6313278	0.21775521	-1.9874662e-05	-4.848489e-05	-1.868257e-05	 9.9999972	3.6153699e-05	
2015-01-12-17-25-24	-0.03122648	-4.6313183	0.21775045	-1.6298384e-05	-4.9676982e-05	-2.1066755e-05	 9.9999865	3.7345792e-05	
2015-01-12-17-25-33	-0.031228864	-4.6313219	0.21774687	-1.5106291e-05	-4.848489e-05	-1.5106291e-05	 9.9999781	4.3306256e-05	
2015-01-12-17-25-43	-0.03122648	-4.6313207	0.21775045	-1.6298384e-05	-5.2061168e-05	-1.6298384e-05	  9.999971	4.6882534e-05	
2015-01-12-17-25-53	-0.031230056	 -4.631329	 0.2177421	-1.6298384e-05	-5.3253261e-05	-1.868257e-05	 9.9999591	5.0458813e-05	
2015-01-12-17-26-02	-0.03123244	-4.6313076	0.21773614	-1.6298384e-05	-4.7292797e-05	-1.5106291e-05	 9.9999591	5.6419277e-05	
2015-01-12-17-26-35	-0.031227672	-4.6314876	0.21774568	-1.1530013e-05	-5.0869075e-05	-1.2722106e-05	 9.9999841	4.6882534e-05	
2015-01-12-17-26-45	-0.031225288	-4.6314351	0.21774568	-1.1530013e-05	-4.6100704e-05	-1.5106291e-05	 9.9999948	5.1650906e-05	
2015-01-12-17-26-54	-0.031222904	 -4.631428	 0.2177421	-1.1530013e-05	-4.7292797e-05	-1.6298384e-05	 9.9999841	5.6419277e-05	
2015-01-12-17-27-04	-0.031224096	-4.6314172	0.21773733	-1.2722106e-05	-4.4908611e-05	-1.1530013e-05	 9.9999972	3.3769514e-05	
2015-01-12-17-27-13	-0.031221712	-4.6314125	0.21775045	-1.2722106e-05	-4.7292797e-05	-1.3914198e-05	 9.9999972	4.092207e-05	
2015-01-12-17-27-23	-0.031222904	-4.6314315	0.21774687	-1.3914198e-05	-4.3716518e-05	-1.3914198e-05	 9.9999972	4.092207e-05	
2015-01-12-17-27-33	-0.03122052	 -4.631453	0.21775045	-1.5106291e-05	-4.6100704e-05	-1.6298384e-05	 9.9999972	4.2114163e-05	
2015-01-12-17-27-42	-0.03122052	-4.6314435	0.21775283	-1.2722106e-05	-4.4908611e-05	-1.1530013e-05	 9.9999972	4.3306256e-05	
2015-01-12-17-27-52	-0.031219327	-4.6314685	0.21775402	-1.5106291e-05	-4.848489e-05	-1.2722106e-05	 9.9999972	5.0458813e-05	
2015-01-12-17-28-01	-0.031219327	-4.6314196	0.21774925	-1.5106291e-05	-4.6100704e-05	-1.5106291e-05	 9.9999972	5.761137e-05	
2015-01-12-17-28-11	-0.03122052	-4.6314005	 0.2177421	-1.5106291e-05	-4.9676982e-05	-1.6298384e-05	 9.9999853	6.5956019e-05	
2015-01-12-17-28-21	-0.031218135	-4.6313827	0.21775283	-1.033792e-05	-4.848489e-05	-1.6298384e-05	 9.9999972	3.7345792e-05	
2015-01-12-17-28-30	-0.031219327	-4.6313922	0.21775283	-1.6298384e-05	-4.6100704e-05	-1.6298384e-05	 9.9999972	3.9729978e-05	
2015-01-12-17-28-40	-0.031212175	-4.6313934	0.21774925	-1.3914198e-05	-4.7292797e-05	-1.6298384e-05	 9.9999972	4.092207e-05	
2015-01-12-17-28-49	-0.031218135	-4.6313624	0.21775164	-1.5106291e-05	-4.7292797e-05	-1.2722106e-05	 9.9999936	4.5690442e-05	
2015-01-12-17-28-59	-0.03122052	 -4.631354	0.21774568	-1.3914198e-05	-4.848489e-05	-1.5106291e-05	 9.9999912	5.4035091e-05	
2015-01-12-17-29-09	-0.031216943	-4.6313433	0.21775045	-1.2722106e-05	-4.4908611e-05	-1.033792e-05	 9.9999889	5.4035091e-05	
2015-01-12-17-29-18	-0.031219327	-4.6312885	0.21775164	-1.1530013e-05	-4.9676982e-05	-1.1530013e-05	 9.9999805	5.761137e-05	
2015-01-12-17-29-28	-0.031221712	-4.6312837	0.21775641	-9.1458272e-06	-4.9676982e-05	-9.1458272e-06	 9.9999972	3.7345792e-05	
2015-01-12-17-30-05	-0.031224096	-4.6313564	0.21775402	-1.9874662e-05	-5.5637446e-05	-2.3450941e-05	 9.9999769	3.3769514e-05	
2015-01-12-17-30-15	-0.031212175	-4.6312181	 0.2177576	-1.5106291e-05	-5.3253261e-05	-1.868257e-05	 9.9999912	3.6153699e-05	
2015-01-12-17-31-08	-0.031171644	-4.6311383	0.21776952	-1.033792e-05	-4.2524426e-05	-9.1458272e-06	 9.9999948	4.926672e-05	
2015-01-12-17-31-17	-0.031165683	-4.6310286	0.21776475	-7.9537344e-06	-4.3716518e-05	-1.033792e-05	 9.9999877	5.4035091e-05	
2015-01-12-17-31-27	-0.031163299	-4.6309881	0.21776714	-9.1458272e-06	-4.3716518e-05	-9.1458272e-06	 9.9999793	5.9995555e-05	
2015-01-12-17-31-36	-0.031159723	-4.6309356	0.21775641	-9.1458272e-06	-4.4908611e-05	-7.9537344e-06	 9.9999972	4.092207e-05	
2015-01-12-17-31-46	-0.031160915	-4.6309213	0.21776714	-7.9537344e-06	-4.3716518e-05	-1.5106291e-05	 9.9999972	4.092207e-05	
2015-01-12-17-33-19	-0.031144226	-4.6307854	 0.2177731	-1.3914198e-05	-4.848489e-05	-1.6298384e-05	 9.9999626	4.6882534e-05	
2015-01-12-17-33-29	-0.031145418	-4.6306912	0.21776714	-1.5106291e-05	-5.0869075e-05	-1.1530013e-05	  9.999971	4.926672e-05	
2015-01-12-17-33-38	-0.031145418	-4.6306543	0.21776952	-1.3914198e-05	-5.2061168e-05	-1.7490477e-05	 9.9999614	5.8803462e-05	
2015-01-12-17-34-32	-0.031135881	-4.6305267	0.21777786	-6.7616416e-06	-4.848489e-05	-1.1530013e-05	 9.9999734	4.3306256e-05	
2015-01-12-17-34-42	-0.031138265	-4.6304516	0.21777667	-7.9537344e-06	-4.6100704e-05	-7.9537344e-06	 9.9999698	4.5690442e-05	
2015-01-12-17-34-51	-0.031139457	  -4.63046	0.21778025	-1.1530013e-05	-4.1332333e-05	-1.033792e-05	 9.9999626	4.926672e-05	
2015-01-12-17-35-01	-0.031137073	-4.6304206	0.21778263	-6.7616416e-06	-4.7292797e-05	-7.9537344e-06	 9.9999555	5.2842998e-05	
2015-01-12-17-35-11	-0.031137073	-4.6304087	0.21777667	-9.1458272e-06	-4.9676982e-05	-1.033792e-05	  9.999965	5.6419277e-05	
2015-01-12-17-35-20	-0.031137073	-4.6304087	0.21778025	-1.033792e-05	-4.4908611e-05	-1.1530013e-05	 9.9999471	6.1187648e-05	
2015-01-12-17-35-30	-0.031133497	-4.6304004	0.21777429	-6.7616416e-06	-4.2524426e-05	-1.033792e-05	 9.9999805	3.9729978e-05	
2015-01-12-17-35-39	-0.031138265	-4.6303753	0.21778263	-1.1530013e-05	-4.4908611e-05	-4.377456e-06	 9.9999865	4.3306256e-05	
2015-01-12-17-35-49	-0.031137073	-4.6304135	0.21778382	-9.1458272e-06	-4.4908611e-05	-1.3914198e-05	 9.9999686	4.3306256e-05	
2015-01-12-17-35-59	-0.031119192	-4.6303741	0.21777786	-1.033792e-05	-4.7292797e-05	-1.1530013e-05	 9.9999662	4.8074627e-05	
2015-01-12-17-36-08	-0.031120384	-4.6303241	0.21776833	-1.033792e-05	-4.7292797e-05	-1.033792e-05	 9.9999614	4.8074627e-05	
