      3067            -1.788591947        
      3068            -1.794511306        
      3069            -1.788909053        
      3070            -1.788721343        
      3071            -1.78497125        
      3072            -1.791070133        
      3073            -1.790837183        
      3074            -1.792292586        
      3075            -1.792793432        
      3076            -1.789794351        
      3077            -1.793404233        
      3078            -1.785997772        
      3079            -1.793245906        
      3080            -1.790375503        
      3081            -1.796669196        
      3082            -1.787178355        
      3083            -1.79724657        
      3084            -1.79676645        
      3085            -1.792540936        
      3086            -1.792725734        
      3087            -1.792345291        
      3088            -1.797234477        
      3089            -1.791205378        
      3090            -1.791303905        
      3091            -1.795445916        
      3092            -1.795672745        
      3093            -1.803129415        
      3094            -1.79255672        
      3095            -1.795177552        
      3096            -1.799520263        
      3097            -1.794393132        
      3098            -1.795592009        
      3099            -1.799605072        
      3100            -1.795256008        
      3101            -1.793953494        
      3102            -1.809443664        
      3103            -1.808026416        
      3104            -1.814779217        
      3105            -1.813884087        
      3106            -1.814485441        
      3107            -1.812470918        
      3108            -1.805588936        
      3109            -1.808143532        
      3110            -1.818005985        
      3111            -1.816727445        
      3112            -1.805017907        
      3113            -1.810206795        
      3114            -1.811222943        
      3115            -1.806529134        
      3116            -1.809484204        
      3117            -1.814321163        
      3118            -1.81395328        
      3119            -1.804301156        
      3120            -1.812303348        
      3121            -1.80606344        
      3122            -1.812867517        
      3123            -1.803718143        
      3124            -1.806766546        
      3125            -1.813845645        
      3126            -1.813326493        
      3127            -1.800118803        
      3128            -1.808947375        
      3129            -1.806598048        
      3130            -1.808055618        
      3131            -1.804828603        
      3132            -1.809310827        
      3133            -1.805309394        
      3134            -1.810189675        
      3135            -1.814066053        
      3136            -1.815966781        
      3137            -1.813478119        
      3138            -1.812076003        
      3139            -1.806941193        
      3140            -1.809427047        
      3141            -1.809172545        
      3142            -1.810662635        
      3143            -1.814204615        
      3144            -1.817478999        
      3145            -1.807533519        
      3146            -1.815241694        
      3147            -1.810915472        
      3148            -1.806330201        
      3149            -1.815439572        
      3150            -1.810957674        
      3151            -1.811395518        
      3152            -1.809110033        
      3153            -1.814568641        
      3154            -1.806276833        
      3155            -1.810749376        
      3156            -1.812276371        
      3157            -1.809429891        
      3158            -1.808731104        
      3159            -1.80550049        
      3160            -1.81486064        
      3161            -1.811288314        
      3162            -1.812924617        
      3163            -1.791946185        
      3164            -1.811694624        
      3165            -1.809490102        
      3166            -1.812504972        
      3167            -1.806794435        
      3168            -1.817729043        
      3169            -1.808050519        
      3170            -1.814747516        
      3171            -1.802316334        
      3172            -1.806326788        
      3173            -1.808218764        
      3174            -1.812351625        
      3175            -1.815868469        
      3176            -1.809903465        
      3177            -1.80752691        
      3178            -1.807107402        
      3179            -1.804566584        
      3180            -1.813551545        
      3181            -1.805889563        
      3182            -1.812908578        
      3183            -1.806535869        
      3184            -1.802576396        
      3185            -1.804123335        
      3186            -1.798934591        
      3187            -1.798239209        
      3188            -1.806811507        
      3189            -1.801830236        
      3190            -1.812681191        
      3191            -1.811839364        
      3192            -1.817682571        
      3193            -1.808156451        
      3194            -1.811479513        
      3195            -1.80655089        
      3196            -1.817249631        
      3197            -1.814623152        
      3198            -1.80706029        
      3199            -1.815087963        
      3200            -1.809961674        
      3201            -1.806494788        
      3202            -1.812734157        
      3203            -1.810958287        
      3204            -1.810647815        
      3205            -1.813269193        
      3206            -1.811965747        
      3207            0.008373976631        
      3208            0.008417096286        
      3209            0.008391258783        
      3210            0.008385253393        
      3211            0.008420178886        
      3212            0.008478985244        
      3213            0.008473846791        
      3214            0.008520477177        
      3215            0.008535545475        
      3216            0.008489526052        
      3217            0.008528651117        
      3218            0.008570824812        
      3219            0.00852939851        
      3220            0.008514023787        
      3221            0.008592878916        
      3222            0.00854935051        
      3223            0.008559110701        
      3224            0.008571097058        
      3225            0.008522600646        
      3226            0.008517979166        
      3227            0.008540470565        
      3228            0.008603998561        
      3229            0.00860001927        
      3230            0.008564718711        
      3231            0.008607195863        
      3232            0.008569887815        
      3233            0.008595838329        
      3234            0.008556964601        
      3235            0.008605894256        
      3236            0.008626042866        
      3237            0.008625312178        
      3238            0.008626358304        
      3239            0.008667726063        
      3240            0.008659537494        
      3241            0.008605339287        
      3242            0.008566223616        
      3243            0.008647959372        
      3244            0.008637553487        
      3245            0.008606875619        
      3246            0.00864605404        
      3247            0.008706291915        
      3248            0.008676435469        
      3249            0.008694178694        
      3250            0.008664763148        
      3251            0.008630315422        
      3252            0.00868197598        
      3253            0.008647980406        
      3254            0.008600143003        
      3255            0.008661900575        
      3256            0.008649736973        
      3257            0.008624240308        
      3258            0.008612839334        
      3259            0.008664734912        
      3260            0.008702929586        
      3261            0.008654685095        
      3262            0.008613021491        
      3263            0.008629230382        
      3264            0.008605456604        
      3265            0.008603251801        
      3266            0.008636063522        
      3267            0.008662012671        
      3268            0.008665652984        
      3269            0.008643824517        
      3270            0.008661351828        
      3271            0.008619388305        
      3272            0.008690874406        
      3273            0.008632228797        
      3274            0.008653307921        
      3275            0.00869444921        
      3276            0.008630656996        
      3277            0.008640687858        
      3278            0.008672308436        
      3279            0.008651412491        
      3280            0.008612173536        
      3281            0.008681731578        
      3282            0.008639333537        
      3283            0.008585954231        
      3284            0.008659119351        
      3285            0.008626634197        
      3286            0.008616868149        
      3287            0.008614447389        
      3288            0.008662105005        
      3289            0.008601522815        
      3290            0.008557474735        
      3291            0.008601235427        
      3292            0.008671118281        
      3293            0.008609162349        
      3294            0.008613005646        
      3295            0.008624161432        
      3296            0.008605548804        
