      3067            -0.01686126766        
      3068            -0.01691752703        
      3069            -0.01687144528        
      3070            -0.01671900524        
      3071            -0.01666071238        
      3072            -0.01666180345        
      3073            -0.01685488973        
      3074            -0.01693371081        
      3075            -0.01685658312        
      3076            -0.01611840034        
      3077            -0.0007393264029        
      3078            -0.0001265165801        
      3079            0.0006761151553        
      3080            -0.0114330848        
      3081            -0.01688891323        
      3082            -0.01684496772        
      3083            -0.01535685411        
      3084            0.009910615372        
      3085            0.01211024444        
      3086            0.01344154208        
      3087            -0.007181008374        
      3088            -0.01686760122        
      3089            -0.01683546836        
      3090            -0.01513924518        
      3091            0.009614374736        
      3092            0.0125425606        
      3093            0.01395013501        
      3094            -0.006638461855        
      3095            -0.01685545704        
      3096            -0.01683821847        
      3097            -0.01518432405        
      3098            0.009887221678        
      3099            0.01223413346        
      3100            0.01334164268        
      3101            -0.006939956632        
      3102            -0.01684585453        
      3103            -0.01685559515        
      3104            -0.0160306942        
      3105            -0.002161636022        
      3106            -0.001421075449        
      3107            -0.0008629187728        
      3108            -0.01179679603        
      3109            -0.01685094633        
      3110            -0.01689408493        
      3111            -0.01690036711        
      3112            -0.01682894008        
      3113            -0.01676614738        
      3114            -0.01675407858        
      3115            -0.01686219369        
      3116            -0.01691251113        
      3117            -0.01685357463        
      3118            -0.01687225005        
      3119            -0.016815468        
      3120            -0.01682170563        
      3121            -0.01679506766        
      3122            -0.01677524386        
      3123            -0.01680347924        
      3124            -0.01683502162        
      3125            -0.01687300875        
      3126            -0.01687030144        
      3127            -0.01673111473        
      3128            -0.01536394375        
      3129            -0.01459079459        
      3130            -0.01454423312        
      3131            -0.01447611516        
      3132            -0.01454889088        
      3133            -0.0161680461        
      3134            -0.01682129398        
      3135            -0.01680104722        
      3136            -0.01590716285        
      3137            -0.004298035943        
      3138            0.002522635885        
      3139            0.002044617332        
      3140            0.002295470005        
      3141            0.00171572242        
      3142            -0.01129232584        
      3143            -0.01680279583        
      3144            -0.0168320366        
      3145            -0.01530115858        
      3146            0.001773097755        
      3147            0.01270050108        
      3148            0.01195287396        
      3149            0.01263320734        
      3150            0.01154787791        
      3151            -0.008213153632        
      3152            -0.01680978263        
      3153            -0.01677056846        
      3154            -0.01507643331        
      3155            0.001829840694        
      3156            0.01349350809        
      3157            0.0130614786        
      3158            0.01364660983        
      3159            0.01262281231        
      3160            -0.007550816088        
      3161            -0.01679809532        
      3162            -0.0167990662        
      3163            -0.01509232008        
      3164            0.001477492265        
      3165            0.012890621        
      3166            0.01289214341        
      3167            0.01324071571        
      3168            0.01261572479        
      3169            -0.007500865952        
      3170            -0.01679377565        
      3171            -0.01682951677        
      3172            -0.01506006215        
      3173            0.001708687034        
      3174            0.01289609292        
      3175            0.01278616402        
      3176            0.01311726671        
      3177            0.01244340266        
      3178            -0.007608715334        
      3179            -0.01680272635        
      3180            -0.01684029129        
      3181            -0.01526740738        
      3182            0.0009600634075        
      3183            0.01114990567        
      3184            0.01071917243        
      3185            0.0110296142        
      3186            0.01010501306        
      3187            -0.008572575109        
      3188            -0.0168773786        
      3189            -0.01689496502        
      3190            -0.01618704586        
      3191            -0.008767169859        
      3192            -0.004362918687        
      3193            -0.004495415702        
      3194            -0.004271628437        
      3195            -0.004775272316        
      3196            -0.01321108244        
      3197            -0.0168825463        
      3198            -0.01688813695        
      3199            -0.01683613991        
      3200            -0.01663406134        
      3201            -0.01650138128        
      3202            -0.01646497966        
      3203            -0.01643341622        
      3204            -0.01645486695        
      3205            -0.01675075602        
      3206            -0.01688001843        
      3207            -0.01682874698        
      3208            -0.01685466463        
      3209            -0.01690768497        
      3210            -0.01691094409        
      3211            -0.01688534826        
      3212            -0.01689184784        
      3213            -0.01690722916        
      3214            -0.01687582557        
      3215            -0.01685221142        
      3216            -0.01690251205        
      3217            -0.0169181428        
      3218            -0.01690003498        
      3219            -0.01690594451        
      3220            -0.01686696531        
      3221            -0.01689512361        
      3222            -0.01689683169        
      3223            -0.01688237161        
      3224            -0.01686132635        
      3225            -0.01687059228        
      3226            -0.01687223816        
      3227            -0.01688492691        
      3228            -0.01684610088        
      3229            -0.01688055822        
      3230            -0.01688036818        
      3231            -0.01689760743        
      3232            -0.01689267339        
      3233            -0.01687558889        
      3234            -0.01689359236        
      3235            -0.01689180947        
      3236            -0.01682642763        
      3237            -0.01685369598        
      3238            -0.01684334079        
      3239            -0.01685490678        
      3240            -0.01682845822        
      3241            -0.01688444927        
      3242            -0.0168122658        
      3243            -0.01685440897        
      3244            -0.01690549537        
      3245            -0.01687435762        
      3246            -0.01686301028        
      3247            -0.01689232579        
      3248            -0.01686710956        
      3249            -0.01684335384        
      3250            -0.01686012376        
      3251            -0.01686144827        
      3252            -0.01683641138        
      3253            -0.01685809602        
      3254            -0.01687935906        
      3255            -0.01689951987        
      3256            -0.01687960016        
      3257            -0.01688279361        
      3258            -0.01689669891        
      3259            -0.01695760693        
      3260            -0.01693553824        
      3261            -0.01688710185        
      3262            -0.01691486833        
      3263            -0.01694512525        
      3264            -0.01687695109        
      3265            -0.01687325506        
      3266            -0.01686956279        
      3267            -0.01688389804        
      3268            -0.0169017372        
      3269            -0.01686594989        
      3270            -0.01686448341        
      3271            -0.01687404975        
      3272            -0.01688500874        
      3273            -0.01690571009        
      3274            -0.01688086903        
      3275            -0.01691851685        
      3276            -0.01688245839        
      3277            -0.01693421401        
      3278            -0.01690335327        
      3279            -0.01688929644        
      3280            -0.01690356109        
      3281            -0.01692642952        
      3282            -0.01691406397        
      3283            -0.01691369135        
      3284            -0.01689580237        
      3285            -0.01688884096        
      3286            -0.01690307646        
      3287            -0.01685917719        
      3288            -0.01686830363        
      3289            -0.0169115648        
      3290            -0.01688771423        
      3291            -0.01691223363        
      3292            -0.01690920546        
      3293            -0.01688885702        
      3294            -0.01685860567        
      3295            -0.01684308271        
      3296            -0.01685332524        
