  Run Number          Y_Requested       Y_Moved           X_Requested      X_Moved           Average_Intensity
  =============      ==============     ============        ==========    ===========       =====================     
      3117             -3752             -3752             -2285             -2285        -0.01685357463        
      3118             -3752             -3752             -5435             -5435        -0.01687225005        
      3119             -3752             -3752             -8585             -8585        -0.016815468        
      3120             -3752             -3752            -11735            -11735        -0.01682170563        
      3121             -3752             -3752            -14885            -14885        -0.01679506766        
      3122             -3752             -3752            -18035            -18035        -0.01677524386        
      3123             -3752             -3752            -21185            -21185        -0.01680347924        
      3124             -3752             -3752            -24335            -24335        -0.01683502162        
      3125             -3752             -3752            -27485            -27485        -0.01687300875        
      3126             -6902             -6902             -2285             -2285        -0.01687030144        
      3127             -6902             -6902             -5435             -5435        -0.01673111473        
      3128             -6902             -6902             -8585             -8585        -0.01536394375        
      3129             -6902             -6902            -11735            -11735        -0.01459079459        
      3130             -6902             -6902            -14885            -14885        -0.01454423312        
      3131             -6902             -6902            -18035            -18035        -0.01447611516        
      3132             -6902             -6902            -21185            -21185        -0.01454889088        
      3133             -6902             -6902            -24335            -24335        -0.0161680461        
      3134             -6902             -6902            -27485            -27485        -0.01682129398        
      3135            -10052            -10052             -2285             -2285        -0.01680104722        
      3136            -10052            -10052             -5435             -5435        -0.01590716285        
      3137            -10052            -10052             -8585             -8585        -0.004298035943        
      3138            -10052            -10052            -11735            -11735        0.002522635885        
      3139            -10052            -10052            -14885            -14885        0.002044617332        
      3140            -10052            -10052            -18035            -18035        0.002295470005        
      3141            -10052            -10052            -21185            -21185        0.00171572242        
      3142            -10052            -10052            -24335            -24335        -0.01129232584        
      3143            -10052            -10052            -27485            -27485        -0.01680279583        
      3144            -13202            -13202             -2285             -2285        -0.0168320366        
      3145            -13202            -13202             -5435             -5435        -0.01530115858        
      3146            -13202            -13202             -8585             -8585        0.001773097755        
      3147            -13202            -13202            -11735            -11735        0.01270050108        
      3148            -13202            -13202            -14885            -14885        0.01195287396        
      3149            -13202            -13202            -18035            -18035        0.01263320734        
      3150            -13202            -13202            -21185            -21185        0.01154787791        
      3151            -13202            -13202            -24335            -24335        -0.008213153632        
      3152            -13202            -13202            -27485            -27485        -0.01680978263        
      3153            -16352            -16352             -2285             -2285        -0.01677056846        
      3154            -16352            -16352             -5435             -5435        -0.01507643331        
      3155            -16352            -16352             -8585             -8585        0.001829840694        
      3156            -16352            -16352            -11735            -11735        0.01349350809        
      3157            -16352            -16352            -14885            -14885        0.0130614786        
      3158            -16352            -16352            -18035            -18035        0.01364660983        
      3159            -16352            -16352            -21185            -21185        0.01262281231        
      3160            -16352            -16352            -24335            -24335        -0.007550816088        
      3161            -16352            -16352            -27485            -27485        -0.01679809532        
      3162            -19502            -19502             -2285             -2285        -0.0167990662        
      3163            -19502            -19502             -5435             -5435        -0.01509232008        
      3164            -19502            -19502             -8585             -8585        0.001477492265        
      3165            -19502            -19502            -11735            -11735        0.012890621        
      3166            -19502            -19502            -14885            -14885        0.01289214341        
      3167            -19502            -19502            -18035            -18035        0.01324071571        
      3168            -19502            -19502            -21185            -21185        0.01261572479        
      3169            -19502            -19502            -24335            -24335        -0.007500865952        
      3170            -19502            -19502            -27485            -27485        -0.01679377565        
      3171            -22652            -22652             -2285             -2285        -0.01682951677        
      3172            -22652            -22652             -5435             -5435        -0.01506006215        
      3173            -22652            -22652             -8585             -8585        0.001708687034        
      3174            -22652            -22652            -11735            -11735        0.01289609292        
      3175            -22652            -22652            -14885            -14885        0.01278616402        
      3176            -22652            -22652            -18035            -18035        0.01311726671        
      3177            -22652            -22652            -21185            -21185        0.01244340266        
      3178            -22652            -22652            -24335            -24335        -0.007608715334        
      3179            -22652            -22652            -27485            -27485        -0.01680272635        
      3180            -25802            -25802             -2285             -2285        -0.01684029129        
      3181            -25802            -25802             -5435             -5435        -0.01526740738        
      3182            -25802            -25802             -8585             -8585        0.0009600634075        
      3183            -25802            -25802            -11735            -11735        0.01114990567        
      3184            -25802            -25802            -14885            -14885        0.01071917243        
      3185            -25802            -25802            -18035            -18035        0.0110296142        
      3186            -25802            -25802            -21185            -21185        0.01010501306        
      3187            -25802            -25802            -24335            -24335        -0.008572575109        
      3188            -25802            -25802            -27485            -27485        -0.0168773786        
      3189            -28952            -28952             -2285             -2285        -0.01689496502        
      3190            -28952            -28952             -5435             -5435        -0.01618704586        
      3191            -28952            -28952             -8585             -8585        -0.008767169859        
      3192            -28952            -28952            -11735            -11735        -0.004362918687        
      3193            -28952            -28952            -14885            -14885        -0.004495415702        
      3194            -28952            -28952            -18035            -18035        -0.004271628437        
      3195            -28952            -28952            -21185            -21185        -0.004775272316        
      3196            -28952            -28952            -24335            -24335        -0.01321108244        
      3197            -28952            -28952            -27485            -27485        -0.0168825463        
      3198            -32102            -32102             -2285             -2285        -0.01688813695        
      3199            -32102            -32102             -5435             -5435        -0.01683613991        
      3200            -32102            -32102             -8585             -8585        -0.01663406134        
      3201            -32102            -32102            -11735            -11735        -0.01650138128        
      3202            -32102            -32102            -14885            -14885        -0.01646497966        
      3203            -32102            -32102            -18035            -18035        -0.01643341622        
      3204            -32102            -32102            -21185            -21185        -0.01645486695        
      3205            -32102            -32102            -24335            -24335        -0.01675075602        
      3206            -32102            -32102            -27485            -27485        -0.01688001843        
