   -4786             -3192        -0.008048575002        -1.818658614
   -4786             -4767        -0.00818836899        -1.820299833
   -4786             -6342        -0.00851985702        -1.820343418
   -4786             -7917        -0.009012405972        -1.825598907
   -4786             -9492        -0.009464319324        -1.817284752
   -4786            -11067        -0.009721421642        -1.817623023
   -4786            -12642        -0.009785193119        -1.822001558
   -4786            -14217        -0.00983217318        -1.817955632
   -4786            -15792        -0.009860545769        -1.819714096
   -4786            -17367        -0.009819521692        -1.811394105
   -4786            -18942        -0.009786334807        -1.810485902
   -4786            -20517        -0.009655119552        -1.8144563
   -4786            -22092        -0.00931379489        -1.816989848
   -4786            -23667        -0.008775578904        -1.815306321
   -4786            -25242        -0.008311015886        -1.806966659
   -4786            -26817        -0.008065626318        -1.817577774
   -4786            -28392        -0.008004020507        -1.828265434
   -6361             -3192        -0.008162203754        -1.826728753
   -6361             -4767        -0.008567436266        -1.8256898
   -6361             -6342        -0.01008868569        -1.81986896
   -6361             -7917        -0.01343308112        -1.814806792
   -6361             -9492        -0.01699254269        -1.81753221
   -6361            -11067        -0.01846858537        -1.82506078
   -6361            -12642        -0.01849028036        -1.813309345
   -6361            -14217        -0.01877957622        -1.817567465
   -6361            -15792        -0.01904154611        -1.814278276
   -6361            -17367        -0.01916775186        -1.816720462
   -6361            -18942        -0.01929705369        -1.814783117
   -6361            -20517        -0.01906554594        -1.814731506
   -6361            -22092        -0.01700130387        -1.81334013
   -6361            -23667        -0.01294019359        -1.800962974
   -6361            -25242        -0.009577756272        -1.814371033
   -6361            -26817        -0.008197876287        -1.823297567
   -6361            -28392        -0.008027624789        -1.824937478
   -7936             -3192        -0.008333641913        -1.816912013
   -7936             -4767        -0.009480103686        -1.81554824
   -7936             -6342        -0.01724920514        -1.8224095
   -7936             -7917        -0.03847084695        -1.820017512
   -7936             -9492        -0.06114339308        -1.82155409
   -7936            -11067        -0.06948812044        -1.818200293
   -7936            -12642        -0.06892166984        -1.816572346
   -7936            -14217        -0.06937565624        -1.814957337
   -7936            -15792        -0.07009469729        -1.816648731
   -7936            -17367        -0.07044664918        -1.818047003
   -7936            -18942        -0.07193174163        -1.818770144
   -7936            -20517        -0.07131848323        -1.816542661
   -7936            -22092        -0.06097330322        -1.818298555
   -7936            -23667        -0.03652875813        -1.820707961
   -7936            -25242        -0.01601306046        -1.818550103
   -7936            -26817        -0.00844869844        -1.813677163
   -7936            -28392        -0.008109386471        -1.822571268
   -9511             -3192        -0.008596544289        -1.819466064
   -9511             -4767        -0.01098301647        -1.816786602
   -9511             -6342        -0.03124153761        -1.819876966
   -9511             -7917        -0.08677071011        -1.815917884
   -9511             -9492        -0.1472605554        -1.820233872
   -9511            -11067        -0.170047401        -1.817916879
   -9511            -12642        -0.168954317        -1.822616103
   -9511            -14217        -0.1681058024        -1.819944718
   -9511            -15792        -0.1670018815        -1.806079037
   -9511            -17367        -0.1680103723        -1.813590535
   -9511            -18942        -0.1722194167        -1.819071008
   -9511            -20517        -0.1708350213        -1.815228372
   -9511            -22092        -0.1460077201        -1.817022322
   -9511            -23667        -0.08149800572        -1.812937235
   -9511            -25242        -0.02810070943        -1.815881873
   -9511            -26817        -0.008830019023        -1.813505908
   -9511            -28392        -0.008190489005        -1.82196267
  -11086             -3192        -0.008805546971        -1.824613899
  -11086             -4767        -0.01237255034        -1.813983463
  -11086             -6342        -0.04344513898        -1.814543869
  -11086             -7917        -0.1264574691        -1.81340678
  -11086             -9492        -0.218737469        -1.812475061
  -11086            -11067        -0.2561248841        -1.816413997
  -11086            -12642        -0.2568836202        -1.83359827
  -11086            -14217        -0.2539766928        -1.822681363
  -11086            -15792        -0.2532620575        -1.816630324
  -11086            -17367        -0.254199165        -1.8223904
  -11086            -18942        -0.2574510159        -1.808259393
  -11086            -20517        -0.2577967351        -1.816944162
  -11086            -22092        -0.2221905133        -1.826041588
  -11086            -23667        -0.1209391618        -1.812950991
  -11086            -25242        -0.03882275401        -1.812886871
  -11086            -26817        -0.009194506393         -1.809913
  -11086            -28392        -0.008264844931        -1.815245368
  -12661             -3192        -0.008962297004        -1.821576486
  -12661             -4767        -0.01350807252        -1.816650942
  -12661             -6342        -0.04989751713        -1.816429696
  -12661             -7917        -0.1433658327        -1.810779262
  -12661             -9492        -0.2509654125        -1.815811502
  -12661            -11067        -0.2943540005        -1.804186809
  -12661            -12642        -0.2937742911        -1.801868386
  -12661            -14217        -0.2950176833        -1.815831212
  -12661            -15792        -0.2941124319        -1.806331707
  -12661            -17367        -0.2942261529        -1.807174195
  -12661            -18942        -0.302090794        -1.821942609
  -12661            -20517        -0.3017845172        -1.820799629
  -12661            -22092        -0.2579270079        -1.804983494
  -12661            -23667        -0.1408027322        -1.810458503
  -12661            -25242        -0.04507783321        -1.820354265
  -12661            -26817        -0.009546458434        -1.813563728
  -12661            -28392        -0.008345890845        -1.812141565
  -14236             -3192        -0.009046743121        -1.822385646
  -14236             -4767        -0.01423927822        -1.819762302
  -14236             -6342        -0.05175000876        -1.807037608
  -14236             -7917        -0.1457560706        -1.821216403
  -14236             -9492        -0.2560208011        -1.820964239
  -14236            -11067        -0.3032748786        -1.817408578
  -14236            -12642        -0.3041108349        -1.81272595
  -14236            -14217        -0.305121227        -1.816776092
  -14236            -15792        -0.3038088946        -1.80452926
  -14236            -17367        -0.3030325238        -1.803336142
  -14236            -18942        -0.3102888093        -1.816237328
  -14236            -20517        -0.3115784624        -1.816406405
  -14236            -22092        -0.2714964626        -1.820239174
  -14236            -23667        -0.1476799768        -1.820644227
  -14236            -25242        -0.04719621632        -1.813050367
  -14236            -26817        -0.009856253454        -1.807703408
  -14236            -28392        -0.008419702441        -1.818914675
  -15811             -3192        -0.009098267875        -1.818688664
  -15811             -4767        -0.01481495136        -1.818353915
  -15811             -6342        -0.05360483613        -1.821232319
  -15811             -7917        -0.146121168        -1.812648666
  -15811             -9492        -0.2577985228        -1.812170637
  -15811            -11067        -0.3053248754        -1.8103428
  -15811            -12642        -0.308755254        -1.81394512
  -15811            -14217        -0.312049554        -1.820047498
  -15811            -15792        -0.311262994        -1.811107184
  -15811            -17367        -0.3098488116        -1.809763181
  -15811            -18942        -0.3157487105        -1.815698885
  -15811            -20517        -0.3188857414        -1.816307064
  -15811            -22092        -0.2792152983        -1.818240498
  -15811            -23667        -0.152922804        -1.826749084
  -15811            -25242        -0.0489671749        -1.816359118
  -15811            -26817        -0.01011022186        -1.7957917
  -15811            -28392        -0.008428097879        -1.813258371
  -17386             -3192        -0.009122353493        -1.823389151
  -17386             -4767        -0.01519125996        -1.825759128
  -17386             -6342        -0.05375703857        -1.816637538
  -17386             -7917        -0.144674513        -1.818330937
  -17386             -9492        -0.2557300316        -1.819433279
  -17386            -11067        -0.3027419777        -1.820078314
  -17386            -12642        -0.3053851838        -1.815166323
  -17386            -14217        -0.3109992792        -1.825170982
  -17386            -15792        -0.3102989161        -1.81796586
  -17386            -17367        -0.3092373967        -1.823300373
  -17386            -18942        -0.3142044485        -1.823935776
  -17386            -20517        -0.3182012115        -1.821772414
  -17386            -22092        -0.2783993923        -1.81540423
  -17386            -23667        -0.1531179711        -1.826790833
  -17386            -25242        -0.04948846688        -1.815883015
  -17386            -26817        -0.01037652504        -1.818381585
  -17386            -28392        -0.008509226287        -1.822831822
  -18961             -3192        -0.009127907243        -1.813353028
  -18961             -4767        -0.01530130546        -1.813879263
  -18961             -6342        -0.0540448299        -1.820454234
  -18961             -7917        -0.1434200265        -1.814404154
  -18961             -9492        -0.2538616315        -1.819040398
  -18961            -11067        -0.29977551        -1.817684285
  -18961            -12642        -0.3025879131        -1.811627513
  -18961            -14217        -0.3087089731        -1.816708738
  -18961            -15792        -0.3087377672        -1.813184004
  -18961            -17367        -0.307978586        -1.821817183
  -18961            -18942        -0.3127134022        -1.8202492
  -18961            -20517        -0.3183391962        -1.819356572
  -18961            -22092        -0.2810359237        -1.823846915
  -18961            -23667        -0.1534527093        -1.816232306
  -18961            -25242        -0.04994548681        -1.816616863
  -18961            -26817        -0.01047717342        -1.816383212
  -18961            -28392        -0.008522262806        -1.823047408
  -20536             -3192        -0.009129250885        -1.823445858
  -20536             -4767        -0.01535143634        -1.821882454
  -20536             -6342        -0.05479828248        -1.828397047
  -20536             -7917        -0.1457147315        -1.825736406
  -20536             -9492        -0.2558355379        -1.821886429
  -20536            -11067        -0.2996134265        -1.811274835
  -20536            -12642        -0.3051806951        -1.822701603
  -20536            -14217        -0.3111707824        -1.826144072
  -20536            -15792        -0.3092646126        -1.812772578
  -20536            -17367        -0.3071815014        -1.8136881
  -20536            -18942        -0.3136914406        -1.82232565
  -20536            -20517        -0.3190220723        -1.8169227
  -20536            -22092        -0.2821987014        -1.823230739
  -20536            -23667        -0.1544856977        -1.817009719
  -20536            -25242        -0.05021581122        -1.828498876
  -20536            -26817        -0.01039336871        -1.82403865
  -20536            -28392        -0.008481718175        -1.820704976
  -22111             -3192        -0.00908024298        -1.827258364
  -22111             -4767        -0.01514516596        -1.820999481
  -22111             -6342        -0.05417082293        -1.804344985
  -22111             -7917        -0.1465529771        -1.822102629
  -22111             -9492        -0.2558497632        -1.817613106
  -22111            -11067        -0.3013519604        -1.823224592
  -22111            -12642        -0.3060974413        -1.831547486
  -22111            -14217        -0.3101382313        -1.831938455
  -22111            -15792        -0.3082607483        -1.818814526
  -22111            -17367        -0.3065397116        -1.820261756
  -22111            -18942        -0.3109317687        -1.815708459
  -22111            -20517        -0.3181449542        -1.822376306
  -22111            -22092        -0.2792509095        -1.816894913
  -22111            -23667        -0.1536290252        -1.818221457
  -22111            -25242        -0.04917667207        -1.815080653
  -22111            -26817        -0.01022070838        -1.817515588
  -22111            -28392        -0.008467457057        -1.812320786
  -23686             -3192        -0.009032841474        -1.82430905
  -23686             -4767        -0.01472103713        -1.810435771
  -23686             -6342        -0.05411839651        -1.817594789
  -23686             -7917        -0.1467620311        -1.814590639
  -23686             -9492        -0.2550031703        -1.809819472
  -23686            -11067        -0.3002448694        -1.818378459
  -23686            -12642        -0.3025024567        -1.817552436
  -23686            -14217        -0.305458931        -1.823094714
  -23686            -15792        -0.3056083428        -1.821300519
  -23686            -17367        -0.3041197452        -1.819629188
  -23686            -18942        -0.3101825458        -1.8257602
  -23686            -20517        -0.3128250746        -1.812293189
  -23686            -22092        -0.2751677117        -1.819292663
  -23686            -23667        -0.1490314484        -1.788538681
  -23686            -25242        -0.04795143887        -1.81324243
  -23686            -26817        -0.009981201233        -1.811869528
  -23686            -28392        -0.008452073031        -1.80399666
  -25261             -3192        -0.008943148334        -1.807346869
  -25261             -4767        -0.01404849293        -1.809464764
  -25261             -6342        -0.05217153188        -1.81250688
  -25261             -7917        -0.1436518959        -1.807806441
  -25261             -9492        -0.2514555105        -1.81837527
  -25261            -11067        -0.2914284677        -1.803488922
  -25261            -12642        -0.2937271984        -1.810783742
  -25261            -14217        -0.2935879845        -1.808214031
  -25261            -15792        -0.2941081756        -1.806890176
  -25261            -17367        -0.2953852462        -1.817521261
  -25261            -18942        -0.2999405489        -1.816709784
  -25261            -20517        -0.3025424501        -1.81525672
  -25261            -22092        -0.2619132887        -1.812109318
  -25261            -23667        -0.1453555982        -1.822025359
  -25261            -25242        -0.04556505695        -1.81285465
  -25261            -26817        -0.009660567647        -1.810113865
  -25261            -28392        -0.008391085741        -1.816815246
  -26836             -3192        -0.00873434313        -1.795609877
  -26836             -4767        -0.01289037821        -1.823973284
  -26836             -6342        -0.04572793961        -1.815337499
  -26836             -7917        -0.1272684938        -1.816502762
  -26836             -9492        -0.2210370577        -1.815093622
  -26836            -11067        -0.2566091414        -1.814743731
  -26836            -12642        -0.2567621012        -1.816312532
  -26836            -14217        -0.2571980954        -1.824227798
  -26836            -15792        -0.2575634739        -1.821661026
  -26836            -17367        -0.2559381346        -1.80920839
  -26836            -18942        -0.2609659463        -1.82060866
  -26836            -20517        -0.2611019491        -1.817721294
  -26836            -22092        -0.2233247265        -1.808804201
  -26836            -23667        -0.1251845689        -1.82470677
  -26836            -25242        -0.03958084429        -1.81248647
  -26836            -26817        -0.009277860309        -1.819270748
  -26836            -28392        -0.008306874461        -1.819474287
  -28411             -3192        -0.008507093748        -1.815858749
  -28411             -4767        -0.0112327436        -1.821683673
  -28411             -6342        -0.03290041095        -1.823168618
  -28411             -7917        -0.08745408219        -1.813924356
  -28411             -9492        -0.1500897156        -1.826472101
  -28411            -11067        -0.1720517888        -1.818644292
  -28411            -12642        -0.1716612113        -1.820431585
  -28411            -14217        -0.1708617532        -1.818437254
  -28411            -15792        -0.1722815104        -1.824713391
  -28411            -17367        -0.1719414143        -1.815813815
  -28411            -18942        -0.1750609713        -1.825696862
  -28411            -20517        -0.1733930332        -1.813446017
  -28411            -22092        -0.148902475        -1.822448648
  -28411            -23667        -0.08361295396        -1.813221145
  -28411            -25242        -0.02866400736        -1.823433909
  -28411            -26817        -0.008899346371        -1.822761135
  -28411            -28392        -0.00824433714        -1.823926304
  -29986             -3192        -0.008291466976        -1.81902621
  -29986             -4767        -0.009533175837        -1.820525284
  -29986             -6342        -0.01804966941        -1.823121927
  -29986             -7917        -0.03959943183        -1.822863905
  -29986             -9492        -0.06325362228        -1.820429846
  -29986            -11067        -0.07198208363        -1.826573844
  -29986            -12642        -0.07167176289        -1.822566004
  -29986            -14217        -0.07176329552        -1.823548598
  -29986            -15792        -0.07277398425        -1.823929332
  -29986            -17367        -0.07329064293        -1.825545557
  -29986            -18942        -0.07417298682        -1.823030765
  -29986            -20517        -0.07367568297        -1.816911725
  -29986            -22092        -0.06326792265        -1.822916156
  -29986            -23667        -0.03762910948        -1.815128978
  -29986            -25242        -0.016259674        -1.820994759
  -29986            -26817        -0.008482834633        -1.822290985
  -29986            -28392        -0.008147394772        -1.81308655
  -31561             -3192        -0.008102506761        -1.826568602
  -31561             -4767        -0.008437605613        -1.819598417
  -31561             -6342        -0.009810333033        -1.810495455
  -31561             -7917        -0.01276411598        -1.790990966
  -31561             -9492        -0.0160809697        -1.820311815
  -31561            -11067        -0.01720795901        -1.808050326
  -31561            -12642        -0.01723221922        -1.813645442
  -31561            -14217        -0.01740163554        -1.804073394
  -31561            -15792        -0.0177110918        -1.815225692
  -31561            -17367        -0.01773049596        -1.816317399
  -31561            -18942        -0.0176782068        -1.809556708
  -31561            -20517        -0.01753807282        -1.818417015
  -31561            -22092        -0.01587092501        -1.812875288
  -31561            -23667        -0.01236674703        -1.822895594
  -31561            -25242        -0.009421034498        -1.813697675
  -31561            -26817        -0.00819101032        -1.816061501
  -31561            -28392        -0.008053718889        -1.822458211
  -33136             -3192        -0.007973355359        -1.823582492
  -33136             -4767        -0.008067766676        -1.819372314
  -33136             -6342        -0.008266219802        -1.82417484
  -33136             -7917        -0.008567290789        -1.814978138
  -33136             -9492        -0.008869154445        -1.818805006
  -33136            -11067        -0.009015486137        -1.819007784
  -33136            -12642        -0.009072120834        -1.818420156
  -33136            -14217        -0.009124310405        -1.822695317
  -33136            -15792        -0.00915356893        -1.815560537
  -33136            -17367        -0.009141784236        -1.815576318
  -33136            -18942        -0.009100870291        -1.815875659
  -33136            -20517        -0.009019865064        -1.817629139
  -33136            -22092        -0.00882401497        -1.815476571
  -33136            -23667        -0.008489780382        -1.81927491
  -33136            -25242        -0.008215706771        -1.822179714
  -33136            -26817        -0.008058055397        -1.815568026
  -33136            -28392        -0.007992447693        -1.819839154
