         -3752         -2285        -0.01685357463        
         -3752         -5435        -0.01687225005        
         -3752         -8585        -0.016815468        
         -3752        -11735        -0.01682170563        
         -3752        -14885        -0.01679506766        
         -3752        -18035        -0.01677524386        
         -3752        -21185        -0.01680347924        
         -3752        -24335        -0.01683502162        
         -3752        -27485        -0.01687300875        
         -6902         -2285        -0.01687030144        
         -6902         -5435        -0.01673111473        
         -6902         -8585        -0.01536394375        
         -6902        -11735        -0.01459079459        
         -6902        -14885        -0.01454423312        
         -6902        -18035        -0.01447611516        
         -6902        -21185        -0.01454889088        
         -6902        -24335        -0.0161680461        
         -6902        -27485        -0.01682129398        
        -10052         -2285        -0.01680104722        
        -10052         -5435        -0.01590716285        
        -10052         -8585        -0.004298035943        
        -10052        -11735        0.002522635885        
        -10052        -14885        0.002044617332        
        -10052        -18035        0.002295470005        
        -10052        -21185        0.00171572242        
        -10052        -24335        -0.01129232584        
        -10052        -27485        -0.01680279583        
        -13202         -2285        -0.0168320366        
        -13202         -5435        -0.01530115858        
        -13202         -8585        0.001773097755        
        -13202        -11735        0.01270050108        
        -13202        -14885        0.01195287396        
        -13202        -18035        0.01263320734        
        -13202        -21185        0.01154787791        
        -13202        -24335        -0.008213153632        
        -13202        -27485        -0.01680978263        
        -16352         -2285        -0.01677056846        
        -16352         -5435        -0.01507643331        
        -16352         -8585        0.001829840694        
        -16352        -11735        0.01349350809        
        -16352        -14885        0.0130614786        
        -16352        -18035        0.01364660983        
        -16352        -21185        0.01262281231        
        -16352        -24335        -0.007550816088        
        -16352        -27485        -0.01679809532        
        -19502         -2285        -0.0167990662        
        -19502         -5435        -0.01509232008        
        -19502         -8585        0.001477492265        
        -19502        -11735        0.012890621        
        -19502        -14885        0.01289214341        
        -19502        -18035        0.01324071571        
        -19502        -21185        0.01261572479        
        -19502        -24335        -0.007500865952        
        -19502        -27485        -0.01679377565        
        -22652         -2285        -0.01682951677        
        -22652         -5435        -0.01506006215        
        -22652         -8585        0.001708687034        
        -22652        -11735        0.01289609292        
        -22652        -14885        0.01278616402        
        -22652        -18035        0.01311726671        
        -22652        -21185        0.01244340266        
        -22652        -24335        -0.007608715334        
        -22652        -27485        -0.01680272635        
        -25802         -2285        -0.01684029129        
        -25802         -5435        -0.01526740738        
        -25802         -8585        0.0009600634075        
        -25802        -11735        0.01114990567        
        -25802        -14885        0.01071917243        
        -25802        -18035        0.0110296142        
        -25802        -21185        0.01010501306        
        -25802        -24335        -0.008572575109        
        -25802        -27485        -0.0168773786        
        -28952         -2285        -0.01689496502        
        -28952         -5435        -0.01618704586        
        -28952         -8585        -0.008767169859        
        -28952        -11735        -0.004362918687        
        -28952        -14885        -0.004495415702        
        -28952        -18035        -0.004271628437        
        -28952        -21185        -0.004775272316        
        -28952        -24335        -0.01321108244        
        -28952        -27485        -0.0168825463        
        -32102         -2285        -0.01688813695        
        -32102         -5435        -0.01683613991        
        -32102         -8585        -0.01663406134        
        -32102        -11735        -0.01650138128        
        -32102        -14885        -0.01646497966        
        -32102        -18035        -0.01643341622        
        -32102        -21185        -0.01645486695        
        -32102        -24335        -0.01675075602        
        -32102        -27485        -0.01688001843        
