      4555            -33136            -33136            -28392            -28392        -0.007992447693        -1.819839154
      4556            -18961            -18961             -3192             -3192        -0.007933772897        -1.834457666
      4557            -18961            -18961             -4767             -4767        -0.008113874739        -1.829669253
      4558            -18961            -18961             -6342             -6342        -0.008297025601        -1.830322965
      4559            -18961            -18961             -7917             -7917        -0.008472223438        -1.83400064
      4560            -18961            -18961             -9492             -9492        -0.008604555171        -1.790637193
      4561            -18961            -18961            -11067            -11067        -0.008721600117        -1.8369909
      4562            -18961            -18961            -12642            -12642        -0.008753548205        -1.828224464
      4563            -18961            -18961            -14217            -14217        -0.008768465204        -1.838967243
      4564            -18961            -18961            -15792            -15792        -0.008769773065        -1.839255808
      4565            -18961            -18961            -17367            -17367        -0.008722022048        -1.845347707
      4566            -18961            -18961            -18942            -18942        -0.008586476507        -1.828051026
      4567            -18961            -18961            -20517            -20517        -0.008416361899        -1.834970129
      4568            -18961            -18961            -22092            -22092        -0.0082369863        -1.836420251
      4569            -18961            -18961            -23667            -23667        -0.008045061423        -1.835111409
      4570            -18961            -18961            -25242            -25242        -0.007899740517        -1.836811024
      4571            -18961            -18961            -26817            -26817        -0.007819226148        -1.837887878
      4572            -18961            -18961            -28392            -28392        -0.007783802595        -1.817522831
